QualifyingAreaName,TotalPopulation,Female,White_Male,White_Female,FreeColoredPopulation,FreeColored_Female,Slave_Male,FreePersons,FreePersons_White_Male,FreePersons_ColoredPersons,FreePersons_ColoredPersons_Female,SlavePopulation_Female,DisabledWhite_DeafandDumb,InsaneandIdioticPersons_AtPublicCharge,PersonsEmployedinMining,PersonsEmployedinCommerce,PersonsEmployedinOceanNavigation,PersonsEmployedEngineersProfessional,CollegeUniversityStudents,PrimaryCommonSchoolStudents,Male,WhitePopulation,FreeColored_Male,SlavePopulation,Slave_Female,FreePersons_White,FreePersons_White_Female,FreePersons_ColoredPersons_Male,SlavePopulation_Male,DisabledWhite,InsaneandIdioticPersons,InsaneandIdioticPersons_AtPrivateCharge,PersonsEmployedinAgriculture,PersonsEmployedinManufacturingTrade,PersonsEmployedinLandNavigation,PensionersofRevolutionaryWarorMilitaryService,AcademyGrammarSchoolStudents
"Autauga County, Alabama",14342,7079,3230,2987,16,6,4023,6233,3230,16,6,4086,1,3,0,3,1,47,0,548,7263,6217,10,8109,4086,6217,2987,10,4023,14,9,6,5439,193,6,3,50
"Baldwin County, Alabama",2951,1331,640,521,83,33,930,1244,640,83,33,777,0,0,0,10,0,8,0,110,1620,1161,50,1707,777,1161,521,50,930,2,1,1,513,213,0,0,0
"Barbour County, Alabama",12024,5899,3415,3054,7,3,2706,6476,3415,7,3,2842,5,0,0,94,1,40,0,347,6125,6469,4,5548,2842,6469,3054,4,2706,6,0,0,4558,144,1,1,206
"Benton County, Alabama",14260,6991,5851,5509,6,1,1413,11366,5851,6,1,1481,7,2,13,50,0,0,0,1076,7269,11360,5,2894,1481,11360,5509,5,1413,32,20,18,3579,287,0,12,180
"Bibb County, Alabama",8284,4038,3253,3003,5,3,991,6261,3253,5,3,1032,2,1,0,18,0,7,0,350,4246,6256,2,2023,1032,6256,3003,2,991,2,5,4,2141,147,0,4,0
"Blount County, Alabama",5570,2773,2644,2581,1,0,152,5226,2644,1,0,192,2,1,0,5,0,3,0,154,2797,5225,1,344,192,5225,2581,1,152,5,3,2,1444,17,0,5,0
"Butler County, Alabama",8685,4294,3177,3015,23,10,1201,6215,3177,23,10,1269,1,2,0,26,0,33,0,202,4391,6192,13,2470,1269,6192,3015,13,1201,13,10,8,2631,121,0,3,236
"Chambers County, Alabama",17333,8510,5262,4926,4,0,3557,10192,5262,4,0,3584,1,0,0,55,0,79,0,680,8823,10188,4,7141,3584,10188,4926,4,3557,10,15,15,4988,253,0,5,427
"Cherokee County, Alabama",8773,4324,3935,3717,9,7,512,7661,3935,9,7,600,9,1,0,12,2,26,0,52,4449,7652,2,1112,600,7652,3717,2,512,17,5,4,2199,83,0,3,0
"Clarke County, Alabama",8640,4145,2236,1992,17,5,2247,4245,2236,17,5,2148,3,0,0,37,0,39,0,216,4495,4228,12,4395,2148,4228,1992,12,2247,12,7,7,3217,122,8,5,136
"Conecuh County, Alabama",8197,4013,2275,2101,4,1,1906,4380,2275,4,1,1911,2,2,0,22,0,36,0,151,4184,4376,3,3817,1911,4376,2101,3,1906,8,9,7,1686,84,0,0,146
"Coosa County, Alabama",6995,3363,2580,2278,12,5,1045,4870,2580,12,5,1080,3,1,0,58,0,38,0,110,3632,4858,7,2125,1080,4858,2278,7,1045,11,3,2,2183,272,1,3,60
"Covington County, Alabama",2435,1166,1068,987,9,6,198,2064,1068,9,6,173,1,0,0,0,0,0,0,59,1269,2055,3,371,173,2055,987,3,198,7,4,4,675,0,0,2,0
"Dale County, Alabama",7397,3597,3530,3279,8,4,266,6817,3530,8,4,314,2,1,0,0,0,1,0,71,3800,6809,4,580,314,6809,3279,4,266,23,19,18,63,1,0,3,0
"Dallas County, Alabama",25199,12307,4265,3657,69,32,8590,7991,4265,69,32,8618,14,1,0,105,0,84,0,195,12892,7922,37,17208,8618,7922,3657,37,8590,36,26,25,10906,318,0,2,189
"Dekalb County, Alabama",5929,2872,2890,2699,0,0,167,5589,2890,0,0,173,0,0,0,5,0,1,0,164,3057,5589,0,340,173,5589,2699,0,167,0,0,0,1076,42,0,3,147
"Fayette County, Alabama",6942,3409,3050,2911,0,0,483,5961,3050,0,0,498,1,0,0,5,0,24,0,273,3533,5961,0,981,498,5961,2911,0,483,3,3,3,2075,49,0,7,0
"Franklin County, Alabama",14270,6885,4350,3886,29,11,3017,8265,4350,29,11,2988,3,2,0,57,0,35,1,447,7385,8236,18,6005,2988,8236,3886,18,3017,12,11,9,5374,176,0,2,25
"Greene County, Alabama",24024,11330,4149,3407,37,15,8523,7593,4149,37,15,7908,2,0,0,0,0,108,0,173,12694,7556,22,16431,7908,7556,3407,22,8523,8,6,6,9729,200,0,8,242
"Henry County, Alabama",5787,2786,2463,2238,2,1,537,4703,2463,2,1,547,1,0,NA,NA,NA,NA,0,329,3001,4701,1,1084,547,4701,2238,1,537,1,2,2,NA,NA,NA,0,122
"Jackson County, Alabama",15715,7853,6980,6883,36,19,865,13899,6980,36,19,951,9,4,0,35,0,51,0,535,7862,13863,17,1816,951,13863,6883,17,865,29,24,20,4853,173,4,18,0
"Jefferson County, Alabama",7131,3476,2875,2611,9,5,776,5495,2875,9,5,860,1,1,NA,NA,NA,NA,0,464,3655,5486,4,1636,860,5486,2611,4,776,9,3,2,NA,NA,NA,5,0
"Lauderdale County, Alabama",14485,7149,4800,4647,69,31,2498,9516,4800,69,31,2471,6,4,0,68,5,37,0,456,7336,9447,38,4969,2471,9447,4647,38,2498,13,9,5,4714,371,36,2,85
"Lawrence County, Alabama",13313,6566,3705,3438,25,16,3033,7168,3705,25,16,3112,5,1,0,0,0,0,0,600,6747,7143,9,6145,3112,7143,3438,9,3033,11,5,4,4180,0,0,10,25
"Limestone County, Alabama",14374,6997,3891,3607,36,16,3466,7534,3891,36,16,3374,2,7,12,30,0,20,0,683,7377,7498,20,6840,3374,7498,3607,20,3466,11,16,9,4946,236,0,5,155
"Lowndes County, Alabama",19539,9572,3707,3249,14,5,6251,6970,3707,14,5,6318,0,0,0,0,0,44,0,100,9967,6956,9,12569,6318,6956,3249,9,6251,0,0,0,7516,119,0,1,247
"Macon County, Alabama",11247,5428,2890,2479,27,16,2918,5396,2890,27,16,2933,6,2,0,24,0,24,0,368,5819,5369,11,5851,2933,5369,2479,11,2918,9,6,4,3973,23,0,2,243
"Madison County, Alabama",25706,12618,6301,5996,144,70,6713,12441,6301,144,70,6552,7,11,0,98,1,101,0,1167,13088,12297,74,13265,6552,12297,5996,74,6713,28,27,16,8528,579,15,14,125
"Marengo County, Alabama",17264,8198,2915,2435,12,2,6141,5362,2915,12,2,5761,2,1,0,22,0,30,0,201,9066,5350,10,11902,5761,5350,2435,10,6141,4,3,2,7574,114,5,3,131
"Marion County, Alabama",5847,2870,2606,2488,0,0,371,5094,2606,0,0,382,0,0,NA,NA,NA,NA,0,0,2977,5094,0,753,382,5094,2488,0,371,0,0,0,NA,NA,NA,0,0
"Marshall County, Alabama",7553,3745,3394,3294,24,7,397,6712,3394,24,7,444,13,2,0,15,0,9,0,436,3808,6688,17,841,444,6688,3294,17,397,29,13,11,1093,45,9,5,0
"Mobile County, Alabama",18741,7671,7597,4166,787,419,3105,12550,7597,787,419,3086,12,0,0,1010,244,157,1,170,11070,11763,368,6191,3086,11763,4166,368,3105,20,6,6,808,1501,647,3,297
"Monroe County, Alabama",10680,5268,2841,2529,18,10,2563,5388,2841,18,10,2729,1,1,0,0,0,20,0,306,5412,5370,8,5292,2729,5370,2529,8,2563,10,12,11,3811,114,0,2,0
"Montgomery County, Alabama",24574,11937,4863,4109,116,57,7715,9088,4863,116,57,7771,3,1,0,135,0,66,0,678,12637,8972,59,15486,7771,8972,4109,59,7715,14,19,18,10120,296,0,2,212
"Morgan County, Alabama",9841,4902,3338,3242,45,20,1576,6625,3338,45,20,1640,9,3,0,14,0,11,0,443,4939,6580,25,3216,1640,6580,3242,25,1576,21,9,6,2144,16,1,8,131
"Perry County, Alabama",19086,9170,4592,4129,22,8,5310,8743,4592,22,8,5033,0,0,0,16,0,31,0,134,9916,8721,14,10343,5033,8721,4129,14,5310,0,0,0,7660,143,0,1,95
"Pickens County, Alabama",17118,8310,4958,4389,7,4,3847,9354,4958,7,4,3917,10,4,15,46,0,12,0,699,8808,9347,3,7764,3917,9347,4389,3,3847,17,4,0,6298,70,0,6,120
"Pike County, Alabama",10108,4879,4196,3791,10,3,1026,7997,4196,10,3,1085,4,0,0,15,0,16,0,412,5229,7987,7,2111,1085,7987,3791,7,1026,12,7,7,3242,61,0,6,0
"Randolph County, Alabama",4973,2389,2293,2153,1,0,290,4447,2293,1,0,236,3,0,37,2,0,0,0,302,2584,4446,1,526,236,4446,2153,1,290,6,1,1,1199,24,0,3,0
"Russell County, Alabama",13513,6385,3351,2893,3,2,3776,6247,3351,3,2,3490,0,0,0,13,0,13,0,325,7128,6244,1,7266,3490,6244,2893,1,3776,2,0,0,5213,209,1,2,111
"St Clair County, Alabama",5638,2749,2316,2189,8,3,568,4513,2316,8,3,557,4,0,0,11,2,27,0,398,2889,4505,5,1125,557,4505,2189,5,568,7,4,4,1449,49,0,2,0
"Shelby County, Alabama",6112,2987,2302,2192,2,1,822,4496,2302,2,1,794,1,1,0,8,0,0,0,45,3125,4494,1,1616,794,4494,2192,1,822,7,9,8,1839,11,0,2,0
"Sumter County, Alabama",29937,14256,7473,6428,116,57,8149,14017,7473,116,57,7771,5,0,0,0,0,55,0,382,15681,13901,59,15920,7771,13901,6428,59,8149,5,0,0,6072,11,0,6,159
"Talladega County, Alabama",12587,6081,4016,3647,26,15,2479,7689,4016,26,15,2419,2,2,1,23,0,34,0,358,6506,7663,11,4898,2419,7663,3647,11,2479,12,11,9,3803,31,0,2,182
"Tallapoosa County, Alabama",6444,3180,2318,2106,7,4,943,4431,2318,7,4,1070,0,1,0,6,0,20,0,248,3264,4424,3,2013,1070,4424,2106,3,943,3,3,2,2160,62,0,0,0
"Tuscaloosa County, Alabama",16583,7996,5281,4662,86,48,3268,10029,5281,86,48,3286,0,0,1,7,0,31,0,0,8587,9943,38,6554,3286,9943,4662,38,3268,0,1,1,194,47,1,1,319
"Walker County, Alabama",4032,1994,1920,1900,1,0,117,3821,1920,1,0,94,7,1,0,0,0,8,0,0,2038,3820,1,211,94,3820,1900,1,117,12,4,3,1141,8,0,6,0
"Washington County, Alabama",5300,2551,1502,1341,23,15,1239,2866,1502,23,15,1195,0,0,0,12,0,24,0,201,2749,2843,8,2434,1195,2843,1341,8,1239,3,1,1,1951,44,2,1,0
"Wilcox County, Alabama",15278,7385,3208,2752,24,13,4674,5984,3208,24,13,4620,1,0,17,40,0,64,0,425,7893,5960,11,9294,4620,5960,2752,11,4674,4,4,4,5882,116,21,3,205
"Arkansas County, Arkansas",1346,598,571,409,5,2,174,985,571,5,2,187,0,0,37,0,0,3,0,24,748,980,3,361,187,980,409,3,174,1,0,0,207,9,2,0,0
"Benton County, Arkansas",2228,1066,1081,969,10,8,79,2060,1081,10,8,89,0,0,0,0,0,0,0,121,1162,2050,2,168,89,2050,969,2,79,0,0,0,384,0,0,0,0
"Carroll County, Arkansas",2844,1344,1439,1268,0,0,61,2707,1439,0,0,76,0,0,0,10,0,7,0,185,1500,2707,0,137,76,2707,1268,0,61,5,5,5,868,10,0,0,0
"Chicot County, Arkansas",3806,1723,650,455,3,0,1430,1108,650,3,0,1268,0,0,0,0,0,0,0,13,2083,1105,3,2698,1268,1105,455,3,1430,1,0,0,2193,0,0,0,0
"Clark County, Arkansas",2309,1087,884,738,0,0,338,1622,884,0,0,349,0,0,0,0,0,0,0,0,1222,1622,0,687,349,1622,738,0,338,0,0,0,844,0,0,0,0
"Conway County, Arkansas",2892,1341,1455,1240,5,1,92,2700,1455,5,1,100,0,0,0,3,0,29,0,0,1551,2695,4,192,100,2695,1240,4,92,1,2,2,787,0,0,0,22
"Crawford County, Arkansas",4266,1751,2201,1413,34,13,293,3648,2201,34,13,325,0,0,0,5,0,23,0,61,2515,3614,21,618,325,3614,1413,21,293,1,1,1,938,85,2,1,0
"Crittenden County, Arkansas",1561,708,621,475,11,6,227,1107,621,11,6,227,1,3,NA,NA,NA,NA,0,0,853,1096,5,454,227,1096,475,5,227,1,3,0,NA,NA,NA,0,0
"Desha County, Arkansas",1598,710,662,493,36,21,211,1191,662,36,21,196,0,0,0,0,0,0,0,0,888,1155,15,407,196,1155,493,15,211,0,0,0,8,0,0,0,0
"Franklin County, Arkansas",2665,1258,1213,1044,8,5,191,2265,1213,8,5,209,2,2,0,12,0,10,0,133,1407,2257,3,400,209,2257,1044,3,191,5,4,2,759,38,0,0,0
"Greene County, Arkansas",1586,765,795,741,0,0,26,1536,795,0,0,24,3,0,0,2,0,0,0,25,821,1536,0,50,24,1536,741,0,26,7,0,0,405,8,0,0,0
"Hempstead County, Arkansas",4921,2263,1634,1289,62,27,989,2985,1634,62,27,947,4,1,0,35,0,28,0,118,2658,2923,35,1936,947,2923,1289,35,989,8,4,3,1562,116,1,3,148
"Hot Spring County, Arkansas",1907,883,908,747,3,1,114,1658,908,3,1,135,0,0,0,0,0,0,0,60,1024,1655,2,249,135,1655,747,2,114,4,0,0,519,29,0,0,0
"Independence County, Arkansas",3669,1761,1643,1503,9,1,257,3155,1643,9,1,257,4,4,0,16,1,24,0,45,1908,3146,8,514,257,3146,1503,8,257,9,5,1,989,93,1,1,55
"Izard County, Arkansas",2240,1085,1086,1013,0,0,69,2099,1086,0,0,72,0,0,0,2,0,12,0,151,1155,2099,0,141,72,2099,1013,0,69,6,7,7,506,22,0,0,0
"Jackson County, Arkansas",1540,722,662,596,6,2,152,1264,662,6,2,124,0,1,0,2,0,4,0,0,818,1258,4,276,124,1258,596,4,152,3,4,3,502,24,2,1,0
"Jefferson County, Arkansas",2566,1159,891,660,5,3,514,1556,891,5,3,496,0,0,0,0,0,0,0,0,1407,1551,2,1010,496,1551,660,2,514,0,0,0,527,0,0,0,0
"Johnson County, Arkansas",3433,1626,1520,1319,3,2,286,2842,1520,3,2,305,0,0,0,5,0,14,0,138,1807,2839,1,591,305,2839,1319,1,286,3,2,2,838,64,0,1,0
"Lafayette County, Arkansas",2200,992,346,209,1,0,861,556,346,1,0,783,0,0,0,0,0,0,0,0,1208,555,1,1644,783,555,209,1,861,0,0,0,926,0,0,0,0
"Lawrence County, Arkansas",2835,1373,1335,1227,6,3,124,2568,1335,6,3,143,0,0,0,0,0,7,0,115,1462,2562,3,267,143,2562,1227,3,124,1,3,3,787,0,0,1,0
"Madison County, Arkansas",2775,1327,1413,1279,0,0,35,2692,1413,0,0,48,1,0,0,4,0,36,0,53,1448,2692,0,83,48,2692,1279,0,35,6,3,3,823,7,0,3,0
"Marion County, Arkansas",1325,621,649,572,65,28,18,1286,649,65,28,21,0,0,0,0,0,0,0,0,704,1221,37,39,21,1221,572,37,18,0,0,0,351,4,0,1,0
"Mississippi County, Arkansas",1410,621,513,387,0,0,276,900,513,0,0,234,0,0,0,0,0,1,0,25,789,900,0,510,234,900,387,0,276,0,0,0,109,0,0,0,0
"Monroe County, Arkansas",936,422,437,349,2,1,76,788,437,2,1,72,1,2,0,0,0,0,0,33,514,786,1,148,72,786,349,1,76,2,2,0,236,0,0,0,0
"Phillips County, Arkansas",3547,1583,1474,1151,17,7,480,2642,1474,17,7,425,4,0,0,12,0,22,0,109,1964,2625,10,905,425,2625,1151,10,480,4,0,0,1054,73,24,0,0
"Pike County, Arkansas",969,451,457,403,0,0,61,860,457,0,0,48,0,0,0,3,0,0,0,0,518,860,0,109,48,860,403,0,61,0,0,0,306,2,0,1,0
"Poinsett County, Arkansas",1320,631,655,598,0,0,34,1253,655,0,0,33,0,2,0,3,0,1,0,76,689,1253,0,67,33,1253,598,0,34,0,3,1,334,12,5,0,0
"Pope County, Arkansas",2850,1329,1406,1220,9,3,109,2635,1406,9,3,106,1,0,0,6,0,7,0,78,1521,2626,6,215,106,2626,1220,6,109,3,2,2,848,23,0,1,0
"Pulaski County, Arkansas",5350,2233,2389,1572,105,52,675,4066,2389,105,52,609,1,0,0,3,1,18,0,48,3117,3961,53,1284,609,3961,1572,53,675,2,0,0,725,8,0,0,0
"Randolph County, Arkansas",2196,1043,1037,936,7,5,114,1980,1037,7,5,102,0,0,0,6,0,9,0,109,1153,1973,2,216,102,1973,936,2,114,1,0,0,703,16,0,1,0
"St Francis County, Arkansas",2499,1171,1145,987,2,0,181,2134,1145,2,0,184,0,1,0,8,1,9,0,70,1328,2132,2,365,184,2132,987,2,181,1,2,1,856,33,0,0,0
"Saline County, Arkansas",2061,966,874,788,0,0,221,1662,874,0,0,178,0,0,0,3,0,3,0,36,1095,1662,0,399,178,1662,788,0,221,0,0,0,798,0,0,0,0
"Scott County, Arkansas",1694,756,866,676,21,9,60,1563,866,21,9,71,0,0,NA,NA,NA,NA,0,103,938,1542,12,131,71,1542,676,12,60,0,0,0,NA,NA,NA,0,0
"Searcy County, Arkansas",936,462,474,459,0,0,0,933,474,0,0,3,0,0,0,0,0,0,0,0,474,933,0,3,3,933,459,0,0,1,0,0,249,248,0,0,0
"Sevier County, Arkansas",2810,1352,1098,978,9,5,356,2085,1098,9,5,369,1,0,4,12,0,5,0,168,1458,2076,4,725,369,2076,978,4,356,3,4,4,945,29,2,1,0
"Union County, Arkansas",2889,1391,1059,922,2,1,438,1983,1059,2,1,468,5,0,0,8,0,5,0,64,1498,1981,1,906,468,1981,922,1,438,7,2,2,1062,5,0,0,0
"Van Buren County, Arkansas",1518,677,814,645,0,0,27,1459,814,0,0,32,0,0,0,0,0,1,0,95,841,1459,0,59,32,1459,645,0,27,3,3,3,337,9,0,0,0
"Washington County, Arkansas",7148,3326,3387,2859,19,11,427,6265,3387,19,11,456,12,1,0,55,0,23,0,358,3822,6246,8,883,456,6246,2859,8,427,22,5,4,2070,206,0,8,75
"White County, Arkansas",929,419,467,374,0,0,43,841,467,0,0,45,0,0,NA,NA,NA,NA,0,0,510,841,0,88,45,841,374,0,43,0,0,0,NA,NA,NA,0,0
"Fairfield County, Connecticut",49917,25462,23788,24792,1335,669,1,49915,23788,1335,669,1,13,10,0,420,219,227,0,8285,24455,48580,666,2,1,48580,24792,666,1,65,39,29,6446,4167,61,282,867
"Hartford County, Connecticut",55629,28485,26560,27787,1282,698,0,55629,26560,1282,698,0,176,20,12,771,80,329,2,10983,27144,54347,584,0,0,54347,27787,584,0,346,143,123,8128,5159,63,263,1043
"Litchfield County, Connecticut",40448,20334,19593,19817,1037,516,0,40447,19593,1037,516,1,18,22,46,191,1,211,0,9667,20114,39410,521,1,1,39410,19817,521,0,121,91,69,8376,2969,0,222,480
"Middlesex County, Connecticut",24879,12735,11941,12498,439,236,0,24878,11941,439,236,1,11,9,81,246,260,120,1,5225,12144,24439,203,1,1,24439,12498,203,0,58,42,33,3094,1898,119,115,328
"New Haven County, Connecticut",48582,24840,23062,24073,1439,765,6,48574,23062,1439,765,2,31,18,1,781,462,393,1,8160,23742,47135,674,8,2,47135,24073,674,6,107,69,51,7376,4883,118,237,1030
"New London County, Connecticut",44463,22259,21389,21334,1740,925,0,44463,21389,1740,925,0,28,41,0,183,1666,197,0,10790,22204,42723,815,0,0,42723,21334,815,0,119,77,36,11585,3590,70,241,747
"Tolland County, Connecticut",17980,9290,8555,9186,239,104,0,17980,8555,239,104,0,14,5,11,83,11,83,0,4880,8690,17741,135,0,0,17741,9186,135,0,56,36,31,5520,1688,0,132,53
"Windham County, Connecticut",28080,14374,13412,14069,594,301,1,28075,13412,594,301,4,18,13,0,68,1,137,0,7749,13706,27481,293,5,4,27481,14069,293,1,78,45,32,6430,3578,0,174,317
"Kent County, Delaware",19872,9803,6885,6733,5827,2875,232,19445,6885,5827,2875,195,12,11,0,232,4,33,0,2997,10069,13618,2952,427,195,13618,6733,2952,232,35,23,12,4604,659,82,1,65
"New Castle County, Delaware",33120,16549,12797,13009,6773,3297,298,32579,12797,6773,3297,243,10,15,0,83,185,120,1,2618,16571,25806,3476,541,243,25806,13009,3476,298,37,36,21,5119,2805,57,3,479
"Sussex County, Delaware",25093,12477,9577,9560,4319,2121,841,23456,9577,4319,2121,796,23,3,5,152,212,46,0,1309,12616,19137,2198,1637,796,19137,9560,2198,841,40,21,18,6292,596,96,0,220
"Alexandria County, District of Columbia",8459,4603,2748,3010,1627,963,444,7385,2748,1627,963,630,2,0,0,136,63,51,0,224,3856,5758,664,1074,630,5758,3010,664,444,4,3,3,15,933,40,6,296
"Georgetown County, District of Columbia",7312,4106,2290,2834,1403,814,327,6527,2290,1403,814,458,0,1,0,0,16,42,0,435,3206,5124,589,785,458,5124,2834,589,327,3,1,0,0,426,9,0,484
"Rural Alexandria County County, District of Columbia",1508,735,490,483,235,125,173,1208,490,235,125,127,0,2,0,1,2,2,0,0,773,973,110,300,127,973,483,110,173,9,11,9,259,19,0,0,0
"Rural Washington county County, District of Columbia",3069,1365,1098,861,288,147,465,2247,1098,288,147,357,2,0,0,0,0,25,2,25,1704,1959,141,822,357,1959,861,141,465,2,0,0,84,14,6,2,0
"Washington City County, District of Columbia",23364,12570,8196,8647,4808,2859,649,21651,8196,4808,2859,1064,4,1,0,103,45,83,0,167,10794,16843,1949,1713,1064,16843,8647,1949,649,10,6,5,26,886,25,7,609
"Alachua County, Florida Territory",2282,688,1289,430,1,0,304,1720,1289,1,0,258,0,0,0,11,0,4,0,0,1594,1719,1,562,258,1719,430,1,304,0,0,0,204,0,0,0,0
"Columbia County, Florida Territory",2102,975,879,770,3,2,247,1652,879,3,2,203,2,0,0,0,0,0,0,61,1127,1649,1,450,203,1649,770,1,247,2,0,0,623,0,0,0,0
"Dade County, Florida Territory",446,122,305,107,4,1,16,416,305,4,1,14,0,0,0,3,1,1,0,28,324,412,3,30,14,412,107,3,16,0,0,0,44,6,0,0,0
"Duval County, Florida Territory",4156,1733,1455,795,105,56,919,2355,1455,105,56,882,0,0,0,0,6,10,0,75,2423,2250,49,1801,882,2250,795,49,919,1,2,2,387,0,0,1,0
"Escambia County, Florida Territory",3993,1817,1334,996,307,174,709,2637,1334,307,174,647,0,1,0,55,71,22,0,82,2176,2330,133,1356,647,2330,996,133,709,5,4,3,103,383,2,2,100
"Franklin County, Florida Territory",1030,314,584,198,26,4,110,808,584,26,4,112,0,0,0,97,169,5,0,0,716,782,22,222,112,782,198,22,110,0,0,0,13,55,98,0,0
"Calhoun County, Florida Territory",1142,457,461,244,17,10,217,722,461,17,10,203,0,0,0,61,33,10,0,24,685,705,7,420,203,705,244,7,217,1,0,0,73,64,3,0,12
"Gadsden County, Florida Territory",5992,2932,1372,1265,13,8,1683,2650,1372,13,8,1659,0,0,0,25,0,23,0,0,3060,2637,5,3342,1659,2637,1265,5,1683,4,5,5,1851,39,0,0,336
"Hamilton County, Florida Territory",1464,701,552,482,3,0,208,1037,552,3,0,219,0,0,0,4,0,0,0,12,763,1034,3,427,219,1034,482,3,208,0,0,0,540,4,0,1,0
"Hillsborough County, Florida Territory",452,75,372,65,2,2,5,439,372,2,2,8,0,0,NA,NA,NA,NA,0,0,377,437,0,13,8,437,65,0,5,0,0,0,NA,NA,NA,0,0
"Jackson County, Florida Territory",4681,2224,1099,903,43,19,1334,2045,1099,43,19,1302,3,0,NA,NA,NA,NA,0,75,2457,2002,24,2636,1302,2002,903,24,1334,6,0,0,NA,NA,NA,1,25
"Jefferson County, Florida Territory",5713,2721,1209,953,2,0,1781,2164,1209,2,0,1768,1,0,0,35,0,29,0,94,2992,2162,2,3549,1768,2162,953,2,1781,2,4,4,2989,87,0,0,90
"Leon County, Florida Territory",10713,5009,2007,1454,21,3,3679,3482,2007,21,3,3552,0,0,0,125,7,48,0,100,5704,3461,18,7231,3552,3461,1454,18,3679,0,0,0,3980,352,13,1,41
"Madison County, Florida Territory",2644,1211,800,642,0,0,633,1442,800,0,0,569,2,0,1,6,0,12,0,74,1433,1442,0,1202,569,1442,642,0,633,2,4,4,704,58,0,0,0
"Monroe County, Florida Territory",688,283,327,189,76,38,40,592,327,76,38,56,1,0,0,50,142,6,0,23,405,516,38,96,56,516,189,38,40,3,1,1,3,44,2,0,0
"Mosquito County, Florida Territory",73,3,70,3,0,0,0,73,70,0,0,0,0,0,NA,NA,NA,NA,0,0,70,73,0,0,0,73,3,0,0,0,0,0,NA,NA,NA,0,0
"Nassau County, Florida Territory",1892,943,495,459,30,16,440,984,495,30,16,468,0,0,0,0,0,1,0,60,949,954,14,908,468,954,459,14,440,0,1,1,0,0,0,2,0
"St Johns County, Florida Territory",2694,1303,925,760,121,67,412,1806,925,121,67,476,2,0,0,9,6,33,0,77,1391,1685,54,888,476,1685,760,54,412,4,1,1,165,75,0,4,113
"Walton County, Florida Territory",1461,688,634,555,41,18,116,1230,634,41,18,115,3,0,0,0,0,0,0,131,773,1189,23,231,115,1189,555,23,116,3,0,0,438,0,0,2,0
"Washington County, Florida Territory",859,386,287,217,2,1,185,506,287,2,1,168,0,0,NA,NA,NA,NA,0,9,473,504,1,353,168,504,217,1,185,0,0,0,NA,NA,NA,2,15
"Appling County, Georgia",2052,986,918,837,15,3,136,1770,918,15,3,146,0,0,0,4,1,0,0,55,1066,1755,12,282,146,1755,837,12,136,0,0,0,589,3,0,0,0
"Baker County, Georgia",4226,2022,1308,1139,6,0,890,2453,1308,6,0,883,5,1,0,NA,NA,NA,0,0,2204,2447,6,1773,883,2447,1139,6,890,7,3,2,NA,NA,NA,0,0
"Baldwin County, Georgia",7250,3535,1686,1389,68,39,2000,3143,1686,68,39,2107,0,0,0,33,0,32,1,9,3715,3075,29,4107,2107,3075,1389,29,2000,12,7,7,2066,317,49,4,233
"Bibb County, Georgia",9802,4857,2762,2593,27,10,2166,5382,2762,27,10,2254,0,0,0,0,0,34,1,75,4945,5355,17,4420,2254,5355,2593,17,2166,0,0,0,1500,0,0,0,200
"Bryan County, Georgia",3182,1590,462,435,7,1,1124,904,462,7,1,1154,0,0,0,NA,NA,NA,0,0,1592,897,6,2278,1154,897,435,6,1124,0,0,0,NA,NA,NA,0,65
"Bulloch County, Georgia",3102,1554,1085,1062,0,0,463,2147,1085,0,0,492,1,0,0,0,0,1,0,27,1548,2147,0,955,492,2147,1062,0,463,3,2,2,1102,5,0,0,0
"Burke County, Georgia",13176,6359,2403,2206,159,61,4316,4768,2403,159,61,4092,5,5,0,3,1,9,1,99,6817,4609,98,8408,4092,4609,2206,98,4316,15,11,6,5475,69,0,1,25
"Butts County, Georgia",5308,2596,1724,1561,1,1,988,3286,1724,1,1,1034,0,1,0,0,0,13,0,120,2712,3285,0,2022,1034,3285,1561,0,988,5,5,4,1922,0,0,1,64
"Camden County, Georgia",6075,3037,1052,952,22,14,1978,2026,1052,22,14,2071,0,0,0,18,6,27,0,122,3038,2004,8,4049,2071,2004,952,8,1978,1,1,1,2207,71,45,1,90
"Campbell County, Georgia",5370,2657,2320,2206,2,0,391,4528,2320,2,0,451,7,0,0,6,0,0,0,462,2713,4526,2,842,451,4526,2206,2,391,7,7,7,1606,2,0,5,0
"Carroll County, Georgia",5252,2566,2433,2292,5,2,250,4730,2433,5,2,272,5,1,128,19,0,15,0,441,2686,4725,3,522,272,4725,2292,3,250,12,7,6,1408,87,0,3,36
"Cass County, Georgia",9390,4452,3915,3466,14,5,1014,7395,3915,14,5,981,7,2,0,40,0,28,0,468,4938,7381,9,1995,981,7381,3466,9,1014,20,10,8,2665,258,1,5,0
"Chatham County, Georgia",18801,9472,3756,3045,669,388,5292,7470,3756,669,388,6039,1,0,0,606,201,134,0,352,9329,6801,281,11331,6039,6801,3045,281,5292,11,11,11,5227,849,40,4,385
"Chattooga County, Georgia",3438,1675,1371,1253,0,0,392,2624,1371,0,0,422,2,0,0,17,0,5,0,64,1763,2624,0,814,422,2624,1253,0,392,4,2,2,1049,86,0,1,35
"Cherokee County, Georgia",5895,2887,2774,2627,3,0,231,5404,2774,3,0,260,0,6,22,31,0,0,0,254,3008,5401,3,491,260,5401,2627,3,231,8,8,2,1250,143,0,3,60
"Clarke County, Georgia",10522,5196,2824,2779,42,18,2478,5645,2824,42,18,2399,3,4,0,0,0,0,1,170,5326,5603,24,4877,2399,5603,2779,24,2478,10,8,4,2123,0,0,5,265
"Cobb County, Georgia",7539,3652,3445,3185,5,3,440,6635,3445,5,3,464,1,0,0,37,1,23,0,70,3887,6630,2,904,464,6630,3185,2,440,9,6,6,1971,291,0,8,0
"Columbia County, Georgia",11356,5739,1966,1954,123,63,3591,4043,1966,123,63,3722,2,4,27,34,0,27,1,165,5617,3920,60,7313,3722,3920,1954,60,3591,14,13,9,4688,233,0,0,240
"Coweta County, Georgia",10364,5163,3692,3571,23,14,1500,7286,3692,23,14,1578,3,0,0,25,0,22,0,204,5201,7263,9,3078,1578,7263,3571,9,1500,5,1,1,3314,157,0,5,237
"Crawford County, Georgia",7981,3915,2317,2095,1,1,1749,4413,2317,1,1,1819,1,1,0,0,0,0,0,279,4066,4412,0,3568,1819,4412,2095,0,1749,2,1,0,2554,0,0,8,0
"Dade County, Georgia",1364,676,647,638,0,0,41,1285,647,0,0,38,0,0,0,NA,NA,NA,0,0,688,1285,0,79,38,1285,638,0,41,0,0,0,NA,NA,NA,1,0
"Decatur County, Georgia",5872,2825,1867,1611,8,3,1175,3486,1867,8,3,1211,1,1,0,17,0,9,0,66,3047,3478,5,2386,1211,3478,1611,5,1175,7,8,7,2293,0,0,0,173
"DeKalb County, Georgia",10467,5197,4314,4142,7,3,952,8463,4314,7,3,1052,0,2,0,0,0,13,0,245,5270,8456,4,2004,1052,8456,4142,4,952,10,6,4,1648,15,0,7,77
"Dooly County, Georgia",4427,2197,1643,1591,8,4,583,3242,1643,8,4,602,2,1,0,0,0,8,0,45,2230,3234,4,1185,602,3234,1591,4,583,5,2,1,1248,14,0,0,45
"Early County, Georgia",5444,2724,1643,1477,7,4,1074,3127,1643,7,4,1243,1,0,0,25,0,10,2,39,2720,3120,3,2317,1243,3120,1477,3,1074,4,4,4,1797,0,0,3,47
"Effingham County, Georgia",3075,1478,829,804,9,2,761,1642,829,9,2,672,0,1,0,26,0,7,0,0,1597,1633,7,1433,672,1633,804,7,761,3,3,2,1205,5,0,1,30
"Elbert County, Georgia",11125,5554,3060,3017,73,35,2473,6150,3060,73,35,2502,0,1,0,24,0,26,0,146,5571,6077,38,4975,2502,6077,3017,38,2473,12,8,7,4004,200,11,14,107
"Emanuel County, Georgia",3129,1550,1273,1227,24,10,292,2524,1273,24,10,313,3,1,0,0,1,0,0,0,1579,2500,14,605,313,2500,1227,14,292,10,6,5,1000,18,0,7,0
"Fayette County, Georgia",6191,3032,2493,2334,30,15,651,4857,2493,30,15,683,3,2,0,19,0,26,0,324,3159,4827,15,1334,683,4827,2334,15,651,10,7,5,1874,75,0,5,32
"Floyd County, Georgia",4441,2140,1664,1501,5,0,632,3170,1664,5,0,639,0,0,0,0,2,16,0,107,2301,3165,5,1271,639,3165,1501,5,632,0,0,0,1346,176,0,0,79
"Forsyth County, Georgia",5619,2794,2565,2495,9,4,255,5069,2565,9,4,295,2,2,6,18,1,10,0,263,2825,5060,5,550,295,5060,2495,5,255,4,2,0,1497,91,0,6,51
"Franklin County, Georgia",9886,5002,3878,3876,37,19,988,7791,3878,37,19,1107,4,0,0,24,0,7,0,256,4884,7754,18,2095,1107,7754,3876,18,988,9,4,4,3073,82,0,13,19
"Gilmer County, Georgia",2536,1212,1286,1155,3,1,36,2444,1286,3,1,56,0,0,0,2,0,3,0,70,1324,2441,2,92,56,2441,1155,2,36,3,2,2,782,11,0,5,0
"Glynn County, Georgia",5302,2627,510,381,2,0,2163,893,510,2,0,2246,0,0,0,15,6,14,0,0,2675,891,2,4409,2246,891,381,2,2163,0,0,0,3041,133,8,0,40
"Greene County, Georgia",11690,5707,2407,2234,25,10,3561,4666,2407,25,10,3463,2,2,0,51,0,21,1,358,5983,4641,15,7024,3463,4641,2234,15,3561,7,8,6,4094,288,0,5,323
"Gwinnett County, Georgia",10804,5340,4358,4194,14,8,1100,8566,4358,14,8,1138,10,3,0,0,0,13,0,224,5464,8552,6,2238,1138,8552,4194,6,1100,28,14,11,2409,82,0,24,81
"Habersham County, Georgia",7961,3912,3596,3411,12,6,447,7019,3596,12,6,495,3,0,79,40,0,15,0,212,4049,7007,6,942,495,7007,3411,6,447,5,1,1,2321,152,0,4,35
"Hall County, Georgia",7875,3979,3385,3388,3,2,510,6776,3385,3,2,589,7,1,17,26,0,11,0,313,3896,6773,1,1099,589,6773,3388,1,510,20,10,9,2438,129,0,19,40
"Hancock County, Georgia",9659,4712,1900,1797,47,21,3021,3744,1900,47,21,2894,5,0,0,0,0,0,0,0,4947,3697,26,5915,2894,3697,1797,26,3021,10,2,2,3244,0,0,10,0
"Harris County, Georgia",13933,6844,3873,3609,33,15,3198,7515,3873,33,15,3220,12,1,0,18,0,13,0,585,7089,7482,18,6418,3220,7482,3609,18,3198,17,4,3,4260,117,0,2,70
"Heard County, Georgia",5329,2659,1927,1822,3,3,743,3752,1927,3,3,834,1,0,0,18,0,20,0,161,2670,3749,0,1577,834,3749,1822,0,743,2,4,4,1388,109,0,1,78
"Henry County, Georgia",11756,5833,4322,4102,16,10,1595,8440,4322,16,10,1721,5,1,0,0,0,17,0,684,5923,8424,6,3316,1721,8424,4102,6,1595,9,2,1,3107,168,0,6,30
"Houston County, Georgia",9711,4812,2505,2356,5,4,2393,4866,2505,5,4,2452,0,0,NA,NA,NA,NA,0,0,4899,4861,1,4845,2452,4861,2356,1,2393,2,1,1,NA,NA,NA,0,446
"Irwin County, Georgia",2038,948,958,814,0,0,132,1772,958,0,0,134,0,0,NA,NA,NA,NA,0,23,1090,1772,0,266,134,1772,814,0,132,0,0,0,NA,NA,NA,0,0
"Jackson County, Georgia",8522,4301,3000,2994,15,7,1213,6009,3000,15,7,1300,2,0,0,28,0,5,0,217,4221,5994,8,2513,1300,5994,2994,8,1213,9,7,7,1692,139,0,11,0
"Jasper County, Georgia",11111,5462,2536,2385,35,19,3097,4956,2536,35,19,3058,1,0,0,0,0,9,0,238,5649,4921,16,6155,3058,4921,2385,16,3097,9,9,9,3641,110,0,6,257
"Jefferson County, Georgia",7254,3509,1496,1381,35,18,2232,2912,1496,35,18,2110,0,0,0,0,0,0,0,12,3745,2877,17,4342,2110,2877,1381,17,2232,0,0,0,2753,0,0,1,0
"Jones County, Georgia",10065,4930,2303,2114,29,13,2816,4446,2303,29,13,2803,2,2,0,0,0,8,0,211,5135,4417,16,5619,2803,4417,2114,16,2816,13,10,8,3549,131,0,4,155
"Laurens County, Georgia",5585,2771,1540,1538,5,1,1270,3083,1540,5,1,1232,3,2,0,19,0,10,0,38,2814,3078,4,2502,1232,3078,1538,4,1270,10,8,6,1937,34,0,0,80
"Lee County, Georgia",4520,2159,1284,1185,5,1,1073,2474,1284,5,1,973,2,0,0,10,0,12,0,146,2361,2469,4,2046,973,2469,1185,4,1073,2,2,2,1643,31,0,0,28
"Liberty County, Georgia",7241,3646,829,816,35,19,2750,1680,829,35,19,2811,2,0,0,11,0,24,0,7,3595,1645,16,5561,2811,1645,816,16,2750,7,3,3,3859,72,2,1,166
"Lincoln County, Georgia",5895,2988,1269,1258,29,17,1626,2556,1269,29,17,1713,1,0,0,0,0,2,0,362,2907,2527,12,3339,1713,2527,1258,12,1626,3,0,0,2174,0,0,2,125
"Lowndes County, Georgia",5574,2796,2227,2167,3,2,550,4397,2227,3,2,627,0,0,0,0,0,0,0,12,2778,4394,1,1177,627,4394,2167,1,550,2,0,0,1200,6,0,0,0
"Lumpkin County, Georgia",5671,2789,2627,2516,12,9,252,5155,2627,12,9,264,0,1,292,46,0,6,0,352,2882,5143,3,516,264,5143,2516,3,252,8,5,4,1142,75,0,7,0
"Mcintosh County, Georgia",5360,2593,721,627,102,50,1994,1450,721,102,50,1916,1,0,0,0,11,16,0,13,2767,1348,52,3910,1916,1348,627,52,1994,2,3,3,3533,76,97,2,65
"Macon County, Georgia",5045,2510,1834,1719,3,1,699,3556,1834,3,1,790,1,0,0,14,0,13,0,58,2535,3553,2,1489,790,3553,1719,2,699,5,5,5,1561,62,0,3,0
"Madison County, Georgia",4510,2286,1556,1569,3,1,666,3128,1556,3,1,716,2,1,0,9,0,1,0,79,2224,3125,2,1382,716,3125,1569,2,666,9,7,6,1425,35,0,3,20
"Marion County, Georgia",4812,2356,1923,1818,1,1,533,3742,1923,1,1,537,3,0,0,6,0,7,0,105,2456,3741,0,1070,537,3741,1818,0,533,4,1,1,1699,31,0,2,32
"Meriwether County, Georgia",14132,7000,4441,4284,16,6,2681,8741,4441,16,6,2710,3,0,0,21,0,16,0,265,7132,8725,10,5391,2710,8725,4284,10,2681,12,7,7,3294,61,0,6,155
"Monroe County, Georgia",16275,8043,3998,3806,24,9,4219,7828,3998,24,9,4228,1,1,0,21,0,0,0,388,8232,7804,15,8447,4228,7804,3806,15,4219,4,3,2,3745,0,0,3,752
"Montgomery County, Georgia",1616,789,648,631,0,0,179,1279,648,0,0,158,0,0,NA,NA,NA,NA,0,0,827,1279,0,337,158,1279,631,0,179,0,0,0,NA,NA,NA,0,0
"Morgan County, Georgia",9121,4351,1836,1625,14,5,2925,3475,1836,14,5,2721,0,5,0,25,0,20,0,0,4770,3461,9,5646,2721,3461,1625,9,2925,1,5,0,3521,128,0,3,0
"Murray County, Georgia",4695,2119,2148,1748,1,0,427,3897,2148,1,0,371,1,0,0,27,0,17,0,318,2576,3896,1,798,371,3896,1748,1,427,1,0,0,1895,69,0,1,0
"Muscogee County, Georgia",11699,5660,3646,3293,59,25,2359,6998,3646,59,25,2342,3,1,0,246,1,76,0,304,6039,6939,34,4701,2342,6939,3293,34,2359,12,14,13,2517,400,47,2,60
"Newton County, Georgia",11628,5759,4052,3838,18,7,1806,7908,4052,18,7,1914,6,3,0,0,0,40,0,30,5869,7890,11,3720,1914,7890,3838,11,1806,15,5,2,3442,0,0,7,25
"Oglethorpe County, Georgia",10868,5525,2269,2237,31,15,3058,4537,2269,31,15,3273,3,0,0,20,5,23,0,278,5343,4506,16,6331,3273,4506,2237,16,3058,12,12,12,3980,161,0,9,107
"Paulding County, Georgia",2556,1233,1080,1022,0,0,243,2102,1080,0,0,211,5,0,0,3,7,6,0,68,1323,2102,0,454,211,2102,1022,0,243,5,0,0,591,21,0,0,0
"Pike County, Georgia",9176,4504,3399,3196,32,8,1249,6627,3399,32,8,1300,2,2,0,0,0,0,0,256,4672,6595,24,2549,1300,6595,3196,24,1249,4,4,2,2817,0,0,5,25
"Pulaski County, Georgia",5389,2690,1510,1462,32,17,1174,3004,1510,32,17,1211,5,0,0,37,0,10,0,0,2699,2972,15,2385,1211,2972,1462,15,1174,12,8,8,1973,34,3,1,0
"Putnam County, Georgia",10260,5093,1916,1825,37,23,3237,3778,1916,37,23,3245,0,2,0,0,0,18,0,174,5167,3741,14,6482,3245,3741,1825,14,3237,5,4,2,3559,0,0,2,210
"Rabun County, Georgia",1912,913,955,873,0,0,44,1828,955,0,0,40,0,0,0,0,0,0,0,131,999,1828,0,84,40,1828,873,0,44,1,0,0,1554,0,0,6,0
"Randolph County, Georgia",8276,4028,2927,2659,11,2,1312,5597,2927,11,2,1367,0,0,0,4,0,10,0,97,4248,5586,9,2679,1367,5586,2659,9,1312,2,1,1,1314,18,0,5,0
"Richmond County, Georgia",11932,5672,2991,2659,186,98,3181,5836,2991,186,98,2915,0,0,0,452,13,43,0,36,6260,5650,88,6096,2915,5650,2659,88,3181,1,2,2,2142,495,21,1,224
"Screven County, Georgia",4794,2315,1116,1046,9,5,1359,2171,1116,9,5,1264,1,0,0,0,0,0,0,66,2479,2162,4,2623,1264,2162,1046,4,1359,4,3,3,1247,0,0,1,0
"Stewart County, Georgia",12933,6214,4350,3824,18,9,2360,8192,4350,18,9,2381,4,0,0,0,0,0,0,315,6719,8174,9,4741,2381,8174,3824,9,2360,6,0,0,3740,1,0,6,162
"Sumter County, Georgia",5759,2759,2165,1950,1,1,835,4116,2165,1,1,808,5,1,0,18,1,14,0,234,3000,4115,0,1643,808,4115,1950,0,835,14,7,6,1648,63,0,1,0
"Talbot County, Georgia",15627,7684,4592,4269,20,8,3339,8881,4592,20,8,3407,3,0,0,60,0,55,0,610,7943,8861,12,6746,3407,8861,4269,12,3339,7,5,5,8411,241,0,1,101
"Taliaferro County, Georgia",5190,2522,1215,1080,39,24,1438,2334,1215,39,24,1418,0,0,0,11,0,4,0,201,2668,2295,15,2856,1418,2295,1080,15,1438,2,5,5,1872,50,0,4,0
"Tattnall County, Georgia",2724,1321,974,904,5,2,426,1883,974,5,2,415,0,0,NA,NA,NA,NA,0,0,1403,1878,3,841,415,1878,904,3,426,0,0,0,NA,NA,NA,0,0
"Telfair County, Georgia",2763,1360,1024,977,5,2,376,2006,1024,5,2,381,1,0,0,15,1,11,0,165,1403,2001,3,757,381,2001,977,3,376,4,1,1,1232,44,21,0,0
"Thomas County, Georgia",6766,3321,2034,1776,26,15,1400,3836,2034,26,15,1530,1,1,0,0,0,0,0,169,3445,3810,11,2930,1530,3810,1776,11,1400,4,4,3,2330,40,0,0,36
"Troup County, Georgia",15733,7860,4458,4224,28,15,3402,8710,4458,28,15,3621,3,2,0,45,0,37,0,520,7873,8682,13,7023,3621,8682,4224,13,3402,11,8,6,4962,295,0,3,318
"Twiggs County, Georgia",8422,4135,2192,2022,43,18,2070,4257,2192,43,18,2095,1,1,0,25,0,14,0,0,4287,4214,25,4165,2095,4214,2022,25,2070,11,9,8,3517,62,7,3,249
"Union County, Georgia",3152,1567,1542,1523,0,0,43,3065,1542,0,0,44,4,0,0,0,0,0,0,0,1585,3065,0,87,44,3065,1523,0,43,4,0,0,832,0,0,1,0
"Upson County, Georgia",9408,4678,2802,2734,4,1,1925,5540,2802,4,1,1943,2,0,0,0,0,6,0,171,4730,5536,3,3868,1943,5536,2734,3,1925,9,9,9,2993,96,0,1,303
"Walker County, Georgia",6572,3022,3057,2526,43,22,472,5626,3057,43,22,474,16,1,3,9,2,10,1,172,3550,5583,21,946,474,5583,2526,21,472,23,17,16,1631,66,0,2,0
"Walton County, Georgia",10209,4971,3434,3149,1,0,1803,6584,3434,1,0,1822,0,0,0,0,0,0,0,0,5238,6583,1,3625,1822,6583,3149,1,1803,0,0,0,2635,0,0,1,0
"Ware County, Georgia",2323,1132,1123,1066,2,1,67,2191,1123,2,1,65,1,0,NA,NA,NA,NA,1,478,1191,2189,1,132,65,2189,1066,1,67,2,0,0,NA,NA,NA,0,0
"Warren County, Georgia",9789,4838,2601,2575,77,36,2309,5253,2601,77,36,2227,0,1,0,0,0,6,0,147,4951,5176,41,4536,2227,5176,2575,41,2309,5,8,7,2840,39,0,7,75
"Washington County, Georgia",10565,5196,2975,2987,37,18,2375,5999,2975,37,18,2191,1,2,0,28,1,13,0,108,5369,5962,19,4566,2191,5962,2987,19,2375,13,12,10,3655,151,0,7,153
"Wayne County, Georgia",1258,640,442,435,14,6,168,891,442,14,6,199,0,0,0,1,0,7,0,0,618,877,8,367,199,877,435,8,168,1,2,2,419,0,0,0,12
"Wilkes County, Georgia",10148,5122,1815,1815,17,8,3202,3647,1815,17,8,3299,1,4,0,0,0,36,1,300,5026,3630,9,6501,3299,3630,1815,9,3202,9,9,5,4021,170,0,3,86
"Wilkinson County, Georgia",6842,3353,2546,2411,19,12,936,4976,2546,19,12,930,1,1,0,21,0,16,0,153,3489,4957,7,1866,930,4957,2411,7,936,9,6,5,2451,41,0,4,159
"Adams County, Illinois",14476,6578,7880,6563,33,15,0,14476,7880,33,15,0,0,0,0,147,3,74,0,2724,7898,14443,18,0,0,14443,6563,18,0,0,0,0,1909,553,0,5,60
"Alexander County, Illinois",3313,1430,1877,1427,9,3,0,3313,1877,9,3,0,0,0,0,0,0,0,0,190,1883,3304,6,0,0,3304,1427,6,0,0,0,0,601,0,2,0,0
"Bond County, Illinois",5060,2368,2685,2363,7,3,3,5055,2685,7,3,2,1,0,0,15,0,18,0,324,2692,5048,4,5,2,5048,2363,4,3,1,0,0,1812,129,0,3,0
"Boone County, Illinois",1705,775,930,775,0,0,0,1705,930,0,0,0,0,1,0,9,0,20,0,253,930,1705,0,0,0,1705,775,0,0,2,2,1,460,77,0,0,0
"Brown County, Illinois",4183,1957,2223,1953,4,2,1,4180,2223,4,2,2,0,0,0,21,0,28,0,344,2226,4176,2,3,2,4176,1953,2,1,8,7,7,1177,119,0,1,0
"Bureau County, Illinois",3067,1366,1698,1363,6,3,0,3067,1698,6,3,0,0,0,0,0,0,17,0,321,1701,3061,3,0,0,3061,1363,3,0,1,1,1,794,136,0,1,45
"Calhoun County, Illinois",1741,750,978,748,15,2,0,1741,978,15,2,0,0,2,0,8,0,11,0,119,991,1726,13,0,0,1726,748,13,0,4,2,0,481,32,51,1,0
"Carroll County, Illinois",1023,415,605,414,4,1,0,1023,605,4,1,0,0,0,2,15,0,7,0,100,608,1019,3,0,0,1019,414,3,0,0,0,0,282,31,0,1,0
"Cass County, Illinois",2981,1404,1570,1400,11,4,0,2981,1570,11,4,0,4,2,0,34,0,20,0,279,1577,2970,7,0,0,2970,1400,7,0,8,4,2,582,108,3,0,0
"Champaign County, Illinois",1475,713,762,713,0,0,0,1475,762,0,0,0,0,0,0,0,0,5,0,53,762,1475,0,0,0,1475,713,0,0,1,0,0,5,4,0,0,0
"Christian County, Illinois",1878,873,1005,873,0,0,0,1878,1005,0,0,0,2,0,0,2,0,0,0,155,1005,1878,0,0,0,1878,873,0,0,8,6,6,502,426,0,0,0
"Clark County, Illinois",7453,3342,4095,3331,27,11,0,7453,4095,27,11,0,1,0,0,11,0,19,0,180,4111,7426,16,0,0,7426,3331,16,0,2,0,0,1051,158,0,1,0
"Clay County, Illinois",3228,1500,1716,1489,23,11,0,3228,1716,23,11,0,1,0,0,0,0,4,0,134,1728,3205,12,0,0,3205,1489,12,0,4,1,1,1304,22,0,3,0
"Clinton County, Illinois",3718,1711,1944,1653,111,54,6,3708,1944,111,54,4,5,0,0,12,0,7,0,215,2007,3597,57,10,4,3597,1653,57,6,11,4,4,2844,24,0,1,0
"Coles County, Illinois",9616,4610,4991,4592,33,18,0,9616,4991,33,18,0,1,0,7,29,1,39,0,545,5006,9583,15,0,0,9583,4592,15,0,1,0,0,1876,179,1,3,0
"Cook County, Illinois",10201,4222,5943,4203,55,19,0,10201,5943,55,19,0,2,1,0,182,1,79,0,493,5979,10146,36,0,0,10146,4203,36,0,3,1,0,920,493,75,0,0
"Crawford County, Illinois",4422,2099,2308,2074,40,25,0,4422,2308,40,25,0,1,0,0,18,0,13,0,253,2323,4382,15,0,0,4382,2074,15,0,1,3,3,1096,57,0,1,0
"De Kalb County, Illinois",1697,740,957,740,0,0,0,1697,957,0,0,0,0,2,0,4,0,7,0,216,957,1697,0,0,0,1697,740,0,0,1,3,1,361,56,0,0,0
"De Witt County, Illinois",3247,1562,1685,1561,1,1,0,3247,1685,1,1,0,2,0,1,16,0,9,0,474,1685,3246,0,0,0,3246,1561,0,0,11,7,7,875,80,0,2,0
"Du Page County, Illinois",3535,1588,1944,1587,4,1,0,3535,1944,4,1,0,3,0,0,6,0,19,0,337,1947,3531,3,0,0,3531,1587,3,0,3,0,0,973,81,0,3,0
"Edgar County, Illinois",8225,3866,4339,3842,44,24,0,8225,4339,44,24,0,5,3,0,31,0,19,0,0,4359,8181,20,0,0,8181,3842,20,0,14,9,6,2251,194,0,4,0
"Edwards County, Illinois",3070,1377,1665,1362,43,15,0,3070,1665,43,15,0,2,1,4,0,5,1,0,87,1693,3027,28,0,0,3027,1362,28,0,3,1,0,734,17,0,0,0
"Effingham County, Illinois",1675,792,879,791,5,1,0,1675,879,5,1,0,0,0,0,9,0,4,0,0,883,1670,4,0,0,1670,791,4,0,2,2,2,451,16,0,0,0
"Fayette County, Illinois",6328,2936,3359,2903,66,33,0,6328,3359,66,33,0,0,0,0,5,3,10,0,280,3392,6262,33,0,0,6262,2903,33,0,1,0,0,1277,207,0,2,0
"Franklin County, Illinois",3682,1790,1887,1784,6,2,1,3677,1887,6,2,4,0,1,3,10,0,40,0,200,1892,3671,4,5,4,3671,1784,4,1,8,6,5,567,4,4,3,0
"Fulton County, Illinois",13142,6216,6913,6197,32,19,0,13142,6913,32,19,0,10,5,0,0,0,78,0,1328,6926,13110,13,0,0,13110,6197,13,0,19,9,4,3615,498,4,7,72
"Gallatin County, Illinois",10760,5092,5336,4729,671,344,5,10736,5336,671,344,19,5,1,16,136,3,41,0,556,5668,10065,327,24,19,10065,4729,327,5,16,7,6,1809,249,21,11,0
"Greene County, Illinois",11951,5556,6364,5537,50,19,0,11951,6364,50,19,0,5,0,1,44,2,36,0,555,6395,11901,31,0,0,11901,5537,31,0,10,15,15,3329,278,13,7,0
"Hamilton County, Illinois",3945,1882,2052,1876,17,6,0,3945,2052,17,6,0,7,1,0,3,0,0,0,67,2063,3928,11,0,0,3928,1876,11,0,8,1,0,1278,0,0,0,0
"Hancock County, Illinois",9946,4774,5169,4762,15,12,0,9946,5169,15,12,0,7,1,0,15,0,34,0,818,5172,9931,3,0,0,9931,4762,3,0,14,2,1,1791,380,4,2,0
"Hardin County, Illinois",1378,644,706,624,35,15,8,1365,706,35,15,5,0,0,0,9,0,0,0,88,734,1330,20,13,5,1330,624,20,8,1,1,1,310,0,0,0,0
"Henry County, Illinois",1260,552,707,549,4,3,0,1260,707,4,3,0,0,0,0,1,0,15,0,71,708,1256,1,0,0,1256,549,1,0,0,0,0,388,58,0,0,0
"Iroquois County, Illinois",1695,793,902,792,1,1,0,1695,902,1,1,0,2,0,0,0,0,1,0,110,902,1694,0,0,0,1694,792,0,0,4,2,2,367,0,0,1,0
"Jackson County, Illinois",3566,1708,1836,1687,43,21,0,3566,1836,43,21,0,2,0,3,4,0,4,0,0,1858,3523,22,0,0,3523,1687,22,0,2,0,0,591,21,0,3,0
"Jasper County, Illinois",1472,634,814,616,42,18,0,1472,814,42,18,0,1,0,0,0,0,0,0,0,838,1430,24,0,0,1430,616,24,0,1,2,2,379,0,0,0,0
"Jefferson County, Illinois",5762,2821,2937,2816,9,5,0,5762,2937,9,5,0,3,0,0,0,0,30,0,375,2941,5753,4,0,0,5753,2816,4,0,8,3,3,1500,121,2,2,125
"Jersey County, Illinois",4535,2082,2442,2071,20,9,0,4533,2442,20,9,2,0,1,0,11,0,5,0,0,2453,4513,11,2,2,4513,2071,11,0,1,5,4,1289,123,0,0,0
"Jo Daviess County, Illinois",6180,2462,3632,2408,134,52,4,6174,3632,134,52,2,1,0,617,107,0,36,0,297,3718,6040,82,6,2,6040,2408,82,4,3,1,1,876,263,6,1,70
"Johnson County, Illinois",3626,1711,1904,1704,3,0,8,3611,1904,3,0,7,5,0,0,8,0,5,0,320,1915,3608,3,15,7,3608,1704,3,8,5,0,0,804,16,5,3,0
"Kane County, Illinois",6501,2968,3530,2967,4,1,0,6501,3530,4,1,0,2,1,0,40,0,49,0,1153,3533,6497,3,0,0,6497,2967,3,0,8,4,3,1239,317,0,3,0
"Knox County, Illinois",7060,3351,3707,3350,3,1,0,7060,3707,3,1,0,6,0,0,13,0,14,1,489,3709,7057,2,0,0,7057,3350,2,0,16,10,10,1012,171,0,2,75
"Lake County, Illinois",2634,1216,1414,1214,6,2,0,2634,1414,6,2,0,1,0,0,1,0,12,0,261,1418,2628,4,0,0,2628,1214,4,0,4,1,1,794,75,5,0,0
"La Salle County, Illinois",9348,3662,5684,3662,2,0,0,9348,5684,2,0,0,0,0,0,75,0,38,0,118,5686,9346,2,0,0,9346,3662,2,0,0,1,1,1101,138,0,1,0
"Lawrence County, Illinois",7092,3388,3593,3274,225,114,0,7092,3593,225,114,0,0,3,0,50,0,12,0,533,3704,6867,111,0,0,6867,3274,111,0,4,5,2,2146,130,4,7,0
"Lee County, Illinois",2035,822,1209,820,6,2,0,2035,1209,6,2,0,0,0,0,22,0,14,0,192,1213,2029,4,0,0,2029,820,4,0,0,0,0,435,69,5,0,0
"Livingston County, Illinois",759,347,411,346,2,1,0,759,411,2,1,0,0,0,0,1,0,2,0,44,412,757,1,0,0,757,346,1,0,1,1,1,224,13,0,0,0
"Logan County, Illinois",2333,1116,1217,1115,1,1,0,2333,1217,1,1,0,1,2,0,9,0,7,0,150,1217,2332,0,0,0,2332,1115,0,0,2,6,4,662,54,0,0,0
"Mcdonough County, Illinois",5308,2507,2801,2507,0,0,0,5308,2801,0,0,0,0,0,0,9,0,25,0,336,2801,5308,0,0,0,5308,2507,0,0,0,0,0,1279,65,0,1,0
"Mchenry County, Illinois",2578,1171,1407,1171,0,0,0,2578,1407,0,0,0,0,0,0,2,0,11,0,265,1407,2578,0,0,0,2578,1171,0,0,0,0,0,654,39,0,0,0
"Mclean County, Illinois",6565,3080,3481,3075,9,5,0,6565,3481,9,5,0,2,1,0,0,0,0,0,422,3485,6556,4,0,0,6556,3075,4,0,4,1,0,1310,25,0,3,70
"Macon County, Illinois",3039,1427,1611,1425,3,2,0,3039,1611,3,2,0,1,1,NA,NA,NA,NA,0,234,1612,3036,1,0,0,3036,1425,1,0,5,3,2,NA,NA,NA,0,0
"Macoupin County, Illinois",7826,3725,4085,3706,35,19,0,7826,4085,35,19,0,4,0,0,21,0,74,0,375,4101,7791,16,0,0,7791,3706,16,0,15,11,11,1338,128,0,4,45
"Madison County, Illinois",14433,6417,7821,6269,333,142,4,14423,7821,333,142,6,0,2,35,265,0,120,1,1445,8016,14090,191,10,6,14090,6269,191,4,11,11,9,3336,749,54,11,144
"Marion County, Illinois",4742,2262,2479,2261,2,1,0,4742,2479,2,1,0,8,0,0,10,0,7,0,417,2480,4740,1,0,0,4740,2261,1,0,14,6,6,1436,30,0,3,0
"Marshall County, Illinois",1849,856,993,856,0,0,0,1849,993,0,0,0,0,0,1,0,0,18,0,100,993,1849,0,0,0,1849,856,0,0,0,1,1,402,108,0,0,50
"Menard County, Illinois",4431,2045,2382,2039,10,6,0,4431,2382,10,6,0,1,2,0,11,1,8,0,407,2386,4421,4,0,0,4421,2039,4,0,6,5,3,1213,99,0,4,0
"Mercer County, Illinois",2352,1080,1272,1080,0,0,0,2352,1272,0,0,0,0,0,0,17,0,11,0,320,1272,2352,0,0,0,2352,1080,0,0,2,2,2,667,100,5,1,0
"Monroe County, Illinois",4481,2021,2421,1979,70,33,2,4470,2421,70,33,9,1,1,0,28,0,13,0,168,2460,4400,37,11,9,4400,1979,37,2,6,3,2,979,115,2,4,0
"Montgomery County, Illinois",4490,2146,2339,2139,12,7,0,4490,2339,12,7,0,1,0,0,9,0,24,0,391,2344,4478,5,0,0,4478,2139,5,0,7,5,5,2829,131,0,3,186
"Morgan County, Illinois",19547,9227,10292,9187,68,40,0,19547,10292,68,40,0,2,0,25,134,8,119,1,1752,10320,19479,28,0,0,19479,9187,28,0,2,1,1,2651,494,1,6,222
"Ogle County, Illinois",3479,1495,1982,1491,6,4,0,3479,1982,6,4,0,0,0,0,15,0,30,0,215,1984,3473,2,0,0,3473,1491,2,0,1,1,1,675,201,0,1,0
"Peoria County, Illinois",6153,2811,3335,2809,9,2,0,6153,3335,9,2,0,0,0,2,49,1,26,0,1161,3342,6144,7,0,0,6144,2809,7,0,0,0,0,1268,135,5,5,0
"Perry County, Illinois",3222,1485,1737,1483,2,2,0,3222,1737,2,2,0,0,0,0,0,0,0,0,335,1737,3220,0,0,0,3220,1483,0,0,4,2,2,704,0,0,3,9
"Pike County, Illinois",11728,5559,6162,5554,12,5,0,11728,6162,12,5,0,0,2,0,68,0,61,0,656,6169,11716,7,0,0,11716,5554,7,0,6,6,4,3454,385,0,8,105
"Pope County, Illinois",4094,1892,2176,1860,58,32,0,4094,2176,58,32,0,0,0,0,12,0,3,0,468,2202,4036,26,0,0,4036,1860,26,0,0,0,0,852,11,4,2,0
"Putnam County, Illinois",2131,960,1169,960,2,0,0,2131,1169,2,0,0,0,0,0,11,0,30,0,675,1171,2129,2,0,0,2129,960,2,0,3,2,2,571,139,0,0,0
"Randolph County, Illinois",7944,3594,4181,3446,184,86,71,7811,4181,184,86,62,1,1,7,116,0,48,1,403,4350,7627,98,133,62,7627,3446,98,71,10,8,7,1895,360,1,1,25
"Rock Island County, Illinois",2610,1082,1525,1077,8,5,0,2610,1525,8,5,0,0,0,40,43,16,24,0,206,1528,2602,3,0,0,2602,1077,3,0,0,0,0,559,170,5,0,0
"St Clair County, Illinois",13631,6120,7273,5898,401,196,33,13572,7273,401,196,26,3,0,9,56,4,39,1,505,7511,13171,205,59,26,13171,5898,205,33,6,4,4,1284,284,7,2,91
"Sangamon County, Illinois",14716,7001,7623,6918,169,81,4,14710,7623,169,81,2,3,1,3,98,0,74,0,844,7715,14541,88,6,2,14541,6918,88,4,8,9,8,3078,603,0,5,192
"Schuyler County, Illinois",6972,3329,3633,3316,14,9,5,6963,3633,14,9,4,1,1,0,33,0,22,0,545,3643,6949,5,9,4,6949,3316,5,5,8,5,4,1421,213,1,2,0
"Scott County, Illinois",6215,3001,3213,2997,5,4,0,6215,3213,5,4,0,0,1,6,22,0,50,0,415,3214,6210,1,0,0,6210,2997,1,0,0,4,3,896,235,2,3,60
"Shelby County, Illinois",6659,3232,3414,3219,26,13,0,6659,3414,26,13,0,5,2,0,30,0,18,0,427,3427,6633,13,0,0,6633,3219,13,0,14,7,5,1708,120,0,2,0
"Stark County, Illinois",1573,756,817,756,0,0,0,1573,817,0,0,0,0,0,0,4,0,2,0,214,817,1573,0,0,0,1573,756,0,0,0,0,0,342,67,0,0,0
"Stephenson County, Illinois",2800,1180,1619,1178,3,2,0,2800,1619,3,2,0,0,0,0,20,0,5,0,177,1620,2797,1,0,0,2797,1178,1,0,0,0,0,870,60,0,0,0
"Tazewell County, Illinois",7221,3347,3859,3342,20,5,0,7221,3859,20,5,0,5,0,0,27,4,31,0,220,3874,7201,15,0,0,7201,3342,15,0,6,2,2,1223,220,1,3,191
"Union County, Illinois",5524,2712,2800,2694,26,16,2,5520,2800,26,16,2,2,2,0,20,0,7,0,387,2812,5494,10,4,2,5494,2694,10,2,8,7,5,1485,131,6,1,30
"Vermilion County, Illinois",9303,4474,4820,4468,15,6,0,9303,4820,15,6,0,0,0,0,30,0,43,0,691,4829,9288,9,0,0,9288,4468,9,0,15,10,10,2429,254,0,5,0
"Wabash County, Illinois",4240,2049,2169,2035,36,14,0,4240,2169,36,14,0,3,0,0,34,0,21,0,60,2191,4204,22,0,0,4204,2035,22,0,8,5,5,949,215,5,5,32
"Warren County, Illinois",6739,3070,3657,3051,31,19,0,6739,3657,31,19,0,1,1,0,21,5,28,0,569,3669,6708,12,0,0,6708,3051,12,0,15,13,12,1646,172,2,3,0
"Washington County, Illinois",4810,2194,2592,2171,47,23,0,4810,2592,47,23,0,2,1,0,12,1,3,0,299,2616,4763,24,0,0,4763,2171,24,0,5,5,4,1118,60,0,4,0
"Wayne County, Illinois",5133,2461,2669,2458,6,3,0,5133,2669,6,3,0,2,0,0,20,2,8,0,372,2672,5127,3,0,0,5127,2458,3,0,8,5,5,1567,106,4,4,0
"White County, Illinois",7919,3750,4127,3715,62,30,10,7904,4127,62,30,5,7,0,0,32,2,21,0,352,4169,7842,32,15,5,7842,3715,32,10,15,6,6,1798,94,0,6,0
"Whiteside County, Illinois",2514,1013,1501,1013,0,0,0,2514,1501,0,0,0,2,0,0,0,0,22,0,194,1501,2514,0,0,0,2514,1013,0,0,2,0,0,856,121,0,1,0
"Will County, Illinois",10167,3574,6585,3572,10,2,0,10167,6585,10,2,0,0,0,0,86,0,41,0,1082,6593,10157,8,0,0,10157,3572,8,0,1,2,2,1684,294,0,1,68
"Williamson County, Illinois",4457,2196,2245,2183,29,13,0,4457,2245,29,13,0,4,2,0,8,1,0,0,365,2261,4428,16,0,0,4428,2183,16,0,7,4,2,723,31,0,3,0
"Winnebago County, Illinois",4609,2042,2564,2041,3,1,1,4608,2564,3,1,0,6,1,0,0,0,31,0,606,2567,4605,2,1,0,4605,2041,2,1,7,1,0,1064,244,0,0,0
"Adams County, Indiana",2264,1081,1169,1078,17,3,0,2264,1169,17,3,0,3,0,0,3,0,5,0,35,1183,2247,14,0,0,2247,1078,14,0,8,2,2,665,35,0,2,0
"Allen County, Indiana",5942,2653,3277,2647,18,6,0,5942,3277,18,6,0,1,0,166,52,0,28,0,920,3289,5924,12,0,0,5924,2647,12,0,3,0,0,1292,265,6,0,0
"Bartholomew County, Indiana",10042,4813,5206,4802,34,11,0,10042,5206,34,11,0,3,0,0,31,0,28,0,943,5229,10008,23,0,0,10008,4802,23,0,5,3,3,1852,277,0,5,0
"Blackford County, Indiana",1226,594,623,590,13,4,0,1226,623,13,4,0,0,0,0,5,0,0,0,0,632,1213,9,0,0,1213,590,9,0,0,1,1,316,15,0,2,0
"Boone County, Indiana",8121,3988,4126,3976,19,12,0,8121,4126,19,12,0,12,0,0,8,0,15,0,250,4133,8102,7,0,0,8102,3976,7,0,19,7,7,1259,49,0,5,0
"Brown County, Indiana",2364,1165,1189,1152,23,13,0,2364,1189,23,13,0,1,0,0,0,0,0,0,24,1199,2341,10,0,0,2341,1152,10,0,2,1,1,499,0,0,3,0
"Carroll County, Indiana",7819,3678,4137,3676,6,2,0,7819,4137,6,2,0,2,0,0,28,0,31,0,288,4141,7813,4,0,0,7813,3676,4,0,6,4,4,2195,263,0,1,60
"Cass County, Indiana",5480,2446,3015,2425,40,21,0,5480,3015,40,21,0,6,0,0,40,0,29,0,276,3034,5440,19,0,0,5440,2425,19,0,12,6,6,643,131,1,1,0
"Clark County, Indiana",14595,6996,7403,6804,388,192,0,14595,7403,388,192,0,3,0,0,82,2,63,0,1426,7599,14207,196,0,0,14207,6804,196,0,21,14,14,2492,1045,158,10,171
"Clay County, Indiana",5567,2679,2885,2679,3,0,0,5567,2885,3,0,0,7,0,0,20,0,12,0,356,2888,5564,3,0,0,5564,2679,3,0,12,5,5,2522,137,0,7,45
"Clinton County, Indiana",7508,3585,3918,3581,9,4,0,7508,3918,9,4,0,2,1,0,14,0,24,0,45,3923,7499,5,0,0,7499,3581,5,0,4,2,1,1069,138,0,0,0
"Crawford County, Indiana",5282,2601,2675,2595,12,6,0,5282,2675,12,6,0,2,1,0,0,0,8,0,310,2681,5270,6,0,0,5270,2595,6,0,7,5,4,681,67,27,4,0
"Daviess County, Indiana",6720,3215,3491,3204,25,11,0,6720,3491,25,11,0,0,0,0,0,0,16,0,244,3505,6695,14,0,0,6695,3204,14,0,0,1,1,1773,106,0,4,43
"Dearborn County, Indiana",19327,9244,10013,9179,135,65,0,19327,10013,135,65,0,10,5,0,167,0,74,0,1110,10083,19192,70,0,0,19192,9179,70,0,28,22,17,3905,897,80,15,30
"Decatur County, Indiana",12171,6062,6081,6027,63,35,0,12171,6081,63,35,0,3,1,0,54,0,25,0,2986,6109,12108,28,0,0,12108,6027,28,0,18,12,11,2737,292,1,11,75
"De Kalb County, Indiana",1968,903,1061,900,7,3,0,1968,1061,7,3,0,7,0,0,3,0,3,0,191,1065,1961,4,0,0,1961,900,4,0,7,0,0,574,30,0,0,0
"Delaware County, Indiana",8843,4239,4601,4239,3,0,0,8843,4601,3,0,0,14,3,0,40,0,27,0,1329,4604,8840,3,0,0,8840,4239,3,0,28,13,10,2088,222,1,3,0
"Dubois County, Indiana",3632,1741,1888,1737,7,4,0,3632,1888,7,4,0,1,0,0,0,0,6,0,50,1891,3625,3,0,0,3625,1737,3,0,5,2,2,985,0,0,1,75
"Elkhart County, Indiana",6660,3138,3521,3137,2,1,0,6660,3521,2,1,0,5,2,15,38,0,23,0,473,3522,6658,1,0,0,6658,3137,1,0,7,3,1,1017,240,0,2,0
"Fayette County, Indiana",9837,4743,5062,4722,53,21,0,9837,5062,53,21,0,9,25,1,48,9,39,0,447,5094,9784,32,0,0,9784,4722,32,0,51,39,14,2926,396,0,4,125
"Floyd County, Indiana",9454,4534,4716,4336,402,198,0,9454,4716,402,198,0,0,2,0,205,0,49,0,379,4920,9052,204,0,0,9052,4336,204,0,6,3,1,1470,642,137,5,0
"Fountain County, Indiana",11218,5382,5819,5366,33,16,0,11218,5819,33,16,0,8,0,0,38,0,40,0,30,5836,11185,17,0,0,11185,5366,17,0,12,3,3,3167,250,1,0,0
"Franklin County, Indiana",13349,6474,6832,6435,82,39,0,13349,6832,82,39,0,8,1,0,55,1,68,0,995,6875,13267,43,0,0,13267,6435,43,0,18,10,9,1786,552,2,14,137
"Fulton County, Indiana",1993,969,1023,969,1,0,0,1993,1023,1,0,0,0,0,0,7,0,11,0,0,1024,1992,1,0,0,1992,969,1,0,1,2,2,495,28,0,1,0
"Gibson County, Indiana",8977,4345,4562,4278,137,67,0,8977,4562,137,67,0,5,1,0,37,0,21,0,486,4632,8840,70,0,0,8840,4278,70,0,23,16,15,2184,201,6,4,20
"Grant County, Indiana",4875,2306,2569,2306,0,0,0,4875,2569,0,0,0,1,1,0,20,0,13,0,86,2569,4875,0,0,0,4875,2306,0,0,6,5,4,1078,114,0,0,0
"Greene County, Indiana",8321,4049,4225,4014,82,35,0,8321,4225,82,35,0,14,2,0,23,0,15,0,834,4272,8239,47,0,0,8239,4014,47,0,22,7,5,2286,269,0,9,0
"Hamilton County, Indiana",9855,4716,5107,4681,67,35,0,9855,5107,67,35,0,10,0,0,25,0,27,0,314,5139,9788,32,0,0,9788,4681,32,0,32,17,17,2904,347,0,4,0
"Hancock County, Indiana",7535,3665,3855,3641,39,24,0,7535,3855,39,24,0,0,0,0,9,1,9,0,156,3870,7496,15,0,0,7496,3641,15,0,0,0,0,1494,99,0,3,0
"Harrison County, Indiana",12459,6115,6296,6074,89,41,0,12459,6296,89,41,0,1,2,0,20,0,12,0,162,6344,12370,48,0,0,12370,6074,48,0,7,6,4,2175,234,0,9,90
"Hendricks County, Indiana",11264,5511,5747,5500,17,11,0,11264,5747,17,11,0,1,0,0,0,0,10,0,1450,5753,11247,6,0,0,11247,5500,6,0,2,0,0,2486,112,0,5,0
"Henry County, Indiana",15128,7325,7721,7262,145,63,0,15128,7721,145,63,0,0,3,5,59,0,56,0,661,7803,14983,82,0,0,14983,7262,82,0,11,11,8,3381,436,0,7,0
"Huntington County, Indiana",1579,749,823,742,14,7,0,1579,823,14,7,0,0,0,3,9,2,11,0,15,830,1565,7,0,0,1565,742,7,0,0,0,0,1349,53,1,0,0
"Jackson County, Indiana",8961,4441,4424,4347,190,94,0,8961,4424,190,94,0,3,0,0,30,0,30,0,736,4520,8771,96,0,0,8771,4347,96,0,14,7,7,2614,157,0,10,0
"Jasper County, Indiana",1267,583,683,582,2,1,0,1267,683,2,1,0,0,0,0,0,0,0,0,0,684,1265,1,0,0,1265,582,1,0,0,0,0,397,0,0,0,0
"Jay County, Indiana",3863,1817,2040,1812,11,5,0,3863,2040,11,5,0,5,0,0,0,0,11,0,30,2046,3852,6,0,0,3852,1812,6,0,10,2,2,959,63,0,2,0
"Jefferson County, Indiana",16614,8022,8396,7789,429,233,0,16614,8396,429,233,0,4,7,0,203,2,109,1,1050,8592,16185,196,0,0,16185,7789,196,0,15,14,7,3455,817,32,7,22
"Jennings County, Indiana",8829,4137,4609,4062,158,75,0,8829,4609,158,75,0,0,0,0,49,2,18,0,555,4692,8671,83,0,0,8671,4062,83,0,0,0,0,2047,240,0,10,135
"Johnson County, Indiana",9352,4543,4796,4536,20,7,0,9352,4796,20,7,0,3,1,0,35,0,28,0,160,4809,9332,13,0,0,9332,4536,13,0,6,2,1,1591,205,0,5,40
"Knox County, Indiana",10657,5076,5283,4813,561,263,0,10657,5283,561,263,0,0,4,0,76,0,45,0,829,5581,10096,298,0,0,10096,4813,298,0,9,10,6,1792,293,39,7,108
"Kosciusko County, Indiana",4170,1929,2241,1929,0,0,0,4170,2241,0,0,0,2,0,0,9,0,16,0,216,2241,4170,0,0,0,4170,1929,0,0,3,0,0,108,69,1,0,0
"Lagrange County, Indiana",3664,1701,1960,1701,3,0,0,3664,1960,3,0,0,1,2,0,0,1,20,1,494,1963,3661,3,0,0,3661,1701,3,0,8,4,2,972,114,0,2,130
"Lake County, Indiana",1468,639,828,638,2,1,0,1468,828,2,1,0,1,0,0,1,0,5,0,116,829,1466,1,0,0,1466,638,1,0,2,0,0,510,17,0,0,0
"Laporte County, Indiana",8184,3712,4455,3697,32,15,0,8184,4455,32,15,0,4,3,0,91,0,65,0,642,4472,8152,17,0,0,8152,3697,17,0,11,5,2,2016,470,9,4,195
"Lawrence County, Indiana",11782,5747,5982,5694,106,53,0,11782,5982,106,53,0,2,0,61,72,0,54,0,1232,6035,11676,53,0,0,11676,5694,53,0,4,1,1,3016,324,41,6,51
"Madison County, Indiana",8874,4251,4620,4248,6,3,0,8874,4620,6,3,0,0,2,0,0,0,22,0,1120,4623,8868,3,0,0,8868,4248,3,0,3,3,1,1692,230,1,0,0
"Marion County, Indiana",16080,7697,8243,7582,255,115,0,16080,8243,255,115,0,6,7,1,62,4,77,0,1595,8383,15825,140,0,0,15825,7582,140,0,22,18,11,2118,433,6,14,75
"Marshall County, Indiana",1651,785,865,785,1,0,0,1651,865,1,0,0,0,0,0,8,0,8,0,40,866,1650,1,0,0,1650,785,1,0,0,2,2,327,23,0,1,0
"Martin County, Indiana",3875,1836,2022,1830,23,6,0,3875,2022,23,6,0,0,0,0,14,0,11,0,96,2039,3852,17,0,0,3852,1830,17,0,1,1,1,1000,69,1,2,0
"Miami County, Indiana",3048,1427,1618,1426,4,1,0,3048,1618,4,1,0,1,0,0,29,0,18,0,356,1621,3044,3,0,0,3044,1426,3,0,7,5,5,798,110,0,0,0
"Monroe County, Indiana",10143,4923,5215,4915,13,8,0,10143,5215,13,8,0,4,0,0,16,0,15,1,558,5220,10130,5,0,0,10130,4915,5,0,4,0,0,2474,114,0,6,60
"Montgomery County, Indiana",14438,6971,7411,6933,94,38,0,14438,7411,94,38,0,9,0,0,35,17,73,1,626,7467,14344,56,0,0,14344,6933,56,0,20,5,5,1972,425,1,4,243
"Morgan County, Indiana",10741,5140,5550,5101,90,39,0,10741,5550,90,39,0,5,1,0,29,0,24,0,2050,5601,10651,51,0,0,10651,5101,51,0,12,5,4,1847,206,0,6,0
"Noble County, Indiana",2702,1230,1472,1230,0,0,0,2702,1472,0,0,0,1,0,0,9,0,9,0,111,1472,2702,0,0,0,2702,1230,0,0,1,0,0,850,65,0,0,0
"Orange County, Indiana",9602,4656,4862,4582,158,74,0,9602,4862,158,74,0,4,1,0,26,1,29,0,974,4946,9444,84,0,0,9444,4582,84,0,18,9,8,2541,247,1,6,0
"Owen County, Indiana",8359,4074,4213,3998,148,76,0,8359,4213,148,76,0,0,0,30,34,0,0,0,558,4285,8211,72,0,0,8211,3998,72,0,12,11,11,1822,45,0,14,0
"Parke County, Indiana",13499,6586,6887,6549,63,37,0,13499,6887,63,37,0,6,2,0,73,0,33,0,1841,6913,13436,26,0,0,13436,6549,26,0,23,14,12,3752,432,6,8,150
"Perry County, Indiana",4655,2240,2412,2239,4,1,0,4655,2412,4,1,0,4,4,0,22,0,6,0,194,2415,4651,3,0,0,4651,2239,3,0,12,8,4,1167,105,3,4,0
"Pike County, Indiana",4769,2294,2465,2284,20,10,0,4769,2465,20,10,0,5,1,0,21,0,26,0,342,2475,4749,10,0,0,4749,2284,10,0,13,9,8,911,61,0,0,15
"Porter County, Indiana",2162,985,1172,983,7,2,0,2162,1172,7,2,0,0,0,NA,NA,NA,NA,0,182,1177,2155,5,0,0,2155,983,5,0,5,3,3,NA,NA,NA,1,0
"Posey County, Indiana",9683,4536,5125,4517,41,19,0,9683,5125,41,19,0,2,0,1,86,11,27,0,300,5147,9642,22,0,0,9642,4517,22,0,9,4,4,2606,284,6,4,0
"Pulaski County, Indiana",561,255,306,255,0,0,0,561,306,0,0,0,0,0,0,2,0,4,0,0,306,561,0,0,0,561,255,0,0,0,0,0,122,5,0,0,0
"Putnam County, Indiana",16843,8267,8567,8248,27,18,0,16842,8567,27,18,1,6,1,0,47,3,37,0,2414,8576,16815,9,1,1,16815,8248,9,0,18,10,9,5679,350,1,13,87
"Randolph County, Indiana",10684,5223,5185,4995,504,228,0,10684,5185,504,228,0,7,3,0,22,1,25,0,610,5461,10180,276,0,0,10180,4995,276,0,20,9,6,2515,224,1,6,0
"Ripley County, Indiana",10392,5024,5340,5009,43,15,0,10392,5340,43,15,0,6,4,0,1,12,11,0,70,5368,10349,28,0,0,10349,5009,28,0,13,8,4,2191,242,1,14,20
"Rush County, Indiana",16456,8080,8133,7840,481,239,1,16454,8133,481,239,1,11,3,0,36,7,48,0,1149,8376,15973,242,2,1,15973,7840,242,1,29,22,19,3345,311,0,7,0
"St Joseph County, Indiana",6425,3023,3397,3019,9,4,0,6425,3397,9,4,0,0,1,0,41,4,38,0,920,3402,6416,5,0,0,6416,3019,5,0,5,5,4,1427,324,2,3,38
"Scott County, Indiana",4242,2012,2223,2004,15,8,0,4242,2223,15,8,0,0,1,0,0,0,2,0,55,2230,4227,7,0,0,4227,2004,7,0,2,3,2,731,47,1,7,0
"Shelby County, Indiana",12005,5840,6152,5833,20,7,0,12005,6152,20,7,0,13,0,0,23,0,37,0,249,6165,11985,13,0,0,11985,5833,13,0,32,16,16,2294,251,0,6,0
"Spencer County, Indiana",6305,2980,3307,2971,27,9,0,6305,3307,27,9,0,1,3,0,44,0,23,0,300,3325,6278,18,0,0,6278,2971,18,0,14,9,6,1724,80,15,4,0
"Starke County, Indiana",149,69,80,69,0,0,0,149,80,0,0,0,0,0,0,0,0,0,0,0,80,149,0,0,0,149,69,0,0,0,0,0,29,0,0,0,0
"Steuben County, Indiana",2578,1208,1370,1208,0,0,0,2578,1370,0,0,0,0,0,0,22,0,38,0,439,1370,2578,0,0,0,2578,1208,0,0,0,0,0,1235,150,0,0,0
"Sullivan County, Indiana",8315,4028,4270,4019,26,9,0,8315,4270,26,9,0,7,1,0,26,0,34,0,620,4287,8289,17,0,0,8289,4019,17,0,17,14,13,1776,240,3,5,45
"Switzerland County, Indiana",9920,4754,5150,4728,42,26,0,9920,5150,42,26,0,3,1,0,50,9,40,0,210,5166,9878,16,0,0,9878,4728,16,0,4,3,2,1896,406,15,12,0
"Tippecanoe County, Indiana",13724,6459,7233,6437,54,22,0,13724,7233,54,22,0,8,0,0,91,0,39,0,588,7265,13670,32,0,0,13670,6437,32,0,19,8,8,2948,473,0,4,50
"Union County, Indiana",8017,3865,4120,3836,61,29,0,8017,4120,61,29,0,4,0,0,47,0,31,0,646,4152,7956,32,0,0,7956,3836,32,0,6,2,2,2208,235,0,2,0
"Vanderburgh County, Indiana",6250,2937,3255,2881,114,56,0,6250,3255,114,56,0,1,0,0,22,0,23,0,212,3313,6136,58,0,0,6136,2881,58,0,2,0,0,1083,176,1,1,0
"Vermillion County, Indiana",8274,3938,4323,3928,23,10,0,8274,4323,23,10,0,3,1,50,44,0,20,0,426,4336,8251,13,0,0,8251,3928,13,0,14,10,9,1793,311,1,4,0
"Vigo County, Indiana",12076,5746,6104,5547,425,199,0,12076,6104,425,199,0,0,8,0,153,0,59,0,1307,6330,11651,226,0,0,11651,5547,226,0,12,14,6,1862,681,13,2,0
"Wabash County, Indiana",2756,1241,1511,1235,10,6,0,2756,1511,10,6,0,3,0,0,20,0,15,0,45,1515,2746,4,0,0,2746,1235,4,0,7,4,4,490,153,0,0,0
"Warren County, Indiana",5656,2648,3008,2648,0,0,0,5656,3008,0,0,0,0,1,0,24,0,25,0,185,3008,5656,0,0,0,5656,2648,0,0,8,6,5,694,185,0,2,0
"Warrick County, Indiana",6321,3000,3319,2994,8,6,0,6321,3319,8,6,0,2,2,0,30,0,11,0,710,3321,6313,2,0,0,6313,2994,2,0,12,10,8,1951,65,0,2,0
"Washington County, Indiana",15269,7391,7786,7290,193,101,0,15269,7786,193,101,0,6,9,0,69,0,48,0,519,7878,15076,92,0,0,15076,7290,92,0,32,23,14,4548,568,1,13,96
"Wayne County, Indiana",23290,11395,11567,11097,626,298,0,23290,11567,626,298,0,4,14,0,78,0,64,0,2079,11895,22664,328,0,0,22664,11097,328,0,23,20,6,3876,1484,0,9,315
"Wells County, Indiana",1822,852,967,842,13,10,0,1822,967,13,10,0,1,0,0,7,0,2,0,25,970,1809,3,0,0,1809,842,3,0,2,0,0,332,33,4,0,0
"White County, Indiana",1832,882,948,882,2,0,0,1832,948,2,0,0,0,0,0,7,0,3,0,95,950,1830,2,0,0,1830,882,2,0,0,1,1,215,20,0,0,0
"Whitley County, Indiana",1237,562,667,554,16,8,0,1237,667,16,8,0,0,0,0,0,0,3,0,30,675,1221,8,0,0,1221,554,8,0,1,1,1,343,16,0,0,0
"Cedar County, Iowa Territory",1253,536,717,536,0,0,0,1253,717,0,0,0,0,1,0,11,1,7,0,0,717,1253,0,0,0,1253,536,0,0,1,2,1,388,7,0,0,0
"Clayton County, Iowa Territory",1101,327,771,323,7,4,0,1101,771,7,4,0,0,0,28,45,0,99,0,25,774,1094,3,0,0,1094,323,3,0,0,0,0,250,35,54,0,0
"Clinton County, Iowa Territory",821,346,472,339,10,7,0,821,472,10,7,0,0,0,0,4,0,5,0,15,475,811,3,0,0,811,339,3,0,0,0,0,232,17,0,0,0
"Delaware County, Iowa Territory",168,62,106,62,0,0,0,168,106,0,0,0,0,0,0,0,0,0,0,0,106,168,0,0,0,168,62,0,0,0,0,0,9,2,0,0,0
"Des Moines County, Iowa Territory",5577,2522,3052,2519,6,3,0,5577,3052,6,3,0,3,0,0,57,0,65,0,352,3055,5571,3,0,0,5571,2519,3,0,5,1,1,1172,252,5,0,0
"Dubuque County, Iowa Territory",3059,1281,1742,1245,56,26,6,3043,1742,56,26,10,2,0,188,53,4,35,0,60,1778,2987,30,16,10,2987,1245,30,6,4,2,2,386,135,1,1,0
"Henry County, Iowa Territory",3772,1743,2016,1740,16,3,0,3772,2016,16,3,0,0,1,0,26,2,18,0,222,2029,3756,13,0,0,3756,1740,13,0,2,1,0,1086,99,0,1,0
"Indian Lands, Iowa Territory",NA,NA,NA,NA,NA,NA,NA,NA,NA,NA,NA,NA,NA,NA,NA,NA,NA,NA,NA,NA,NA,NA,NA,NA,NA,NA,NA,NA,NA,NA,NA,NA,NA,NA,NA,NA,NA
"Jackson County, Iowa Territory",1411,604,802,599,10,5,0,1411,802,10,5,0,0,0,NA,NA,NA,NA,0,0,807,1401,5,0,0,1401,599,5,0,0,0,0,NA,NA,NA,0,0
"Jefferson County, Iowa Territory",2773,1258,1515,1258,0,0,0,2773,1515,0,0,0,1,0,0,6,0,8,0,151,1515,2773,0,0,0,2773,1258,0,0,1,2,2,470,62,0,0,0
"Johnson County, Iowa Territory",1491,526,963,525,3,1,0,1491,963,3,1,0,0,0,0,18,0,5,0,0,965,1488,2,0,0,1488,525,2,0,0,0,0,330,222,0,0,0
"Jones County, Iowa Territory",471,182,289,182,0,0,0,471,289,0,0,0,0,0,0,0,0,0,0,0,289,471,0,0,0,471,182,0,0,0,0,0,284,5,0,0,0
"Lee County, Iowa Territory",6093,2738,3351,2731,11,7,0,6093,3351,11,7,0,2,0,0,40,4,36,0,346,3355,6082,4,0,0,6082,2731,4,0,4,2,2,1061,213,17,0,0
"Linn County, Iowa Territory",1373,577,795,577,1,0,0,1373,795,1,0,0,0,0,0,10,0,10,0,12,796,1372,1,0,0,1372,577,1,0,0,0,0,1293,60,0,0,0
"Louisa County, Iowa Territory",1927,850,1069,841,17,9,0,1927,1069,17,9,0,0,0,0,0,0,0,0,0,1077,1910,8,0,0,1910,841,8,0,0,0,0,487,0,0,0,0
"Muscatine County, Iowa Territory",1942,853,1074,843,25,10,0,1942,1074,25,10,0,0,0,0,26,2,18,0,68,1089,1917,15,0,0,1917,843,15,0,0,0,0,328,132,0,0,0
"Scott County, Iowa Territory",2140,919,1217,915,8,4,0,2140,1217,8,4,0,1,0,0,37,0,33,0,123,1221,2132,4,0,0,2132,915,4,0,2,1,1,645,156,0,0,25
"Van Buren County, Iowa Territory",6146,2732,3412,2732,2,0,0,6146,3412,2,0,0,1,0,0,17,0,19,0,123,3414,6144,2,0,0,6144,2732,2,0,1,0,0,1505,151,1,0,0
"Washington County, Iowa Territory",1594,701,893,701,0,0,0,1594,893,0,0,0,0,0,1,5,0,7,0,0,893,1594,0,0,0,1594,701,0,0,0,0,0,543,81,0,0,0
"Adair County, Kentucky",8466,4173,3470,3299,92,44,775,6861,3470,92,44,830,15,5,61,20,0,33,1,212,4293,6769,48,1605,830,6769,3299,48,775,29,16,11,2195,193,1,17,0
"Allen County, Kentucky",7329,3635,3229,3146,19,10,456,6394,3229,19,10,479,3,8,0,10,0,10,0,104,3694,6375,9,935,479,6375,3146,9,456,26,18,10,2269,101,0,13,0
"Anderson County, Kentucky",5452,2697,2237,2135,21,11,508,4393,2237,21,11,551,0,0,0,12,0,7,0,175,2755,4372,10,1059,551,4372,2135,10,508,8,6,6,3843,28,0,8,0
"Barren County, Kentucky",17288,8550,6692,6455,76,41,2011,13223,6692,76,41,2054,4,9,0,39,0,45,0,739,8738,13147,35,4065,2054,13147,6455,35,2011,25,18,9,4949,374,0,21,32
"Bath County, Kentucky",9763,4836,3921,3787,104,53,955,7812,3921,104,53,996,3,1,15,40,0,25,0,562,4927,7708,51,1951,996,7708,3787,51,955,26,21,20,2682,240,0,11,0
"Boone County, Kentucky",10034,4778,4150,3674,27,11,1090,7851,4150,27,11,1093,9,1,0,41,0,45,0,65,5256,7824,16,2183,1093,7824,3674,16,1090,22,11,10,3019,322,15,18,8
"Bourbon County, Kentucky",14478,7013,4136,3709,308,160,3181,8153,4136,308,160,3144,5,2,0,83,0,47,0,709,7465,7845,148,6325,3144,7845,3709,148,3181,19,14,12,3602,705,0,23,201
"Bracken County, Kentucky",7053,3374,3191,2892,151,73,410,6234,3191,151,73,409,4,3,0,30,0,26,1,233,3679,6083,78,819,409,6083,2892,78,410,17,11,8,1594,217,9,8,103
"Breathitt County, Kentucky",2195,1081,1063,1013,0,0,51,2076,1063,0,0,68,5,3,8,0,0,1,0,0,1114,2076,0,119,68,2076,1013,0,51,14,5,2,634,0,0,3,0
"Breckinridge County, Kentucky",8944,4288,3828,3411,14,5,819,7253,3828,14,5,872,1,2,0,46,0,25,0,0,4656,7239,9,1691,872,7239,3411,9,819,5,3,1,2625,170,0,6,52
"Bullitt County, Kentucky",6334,3081,2566,2430,18,11,680,5014,2566,18,11,640,0,0,15,17,0,7,0,0,3253,4996,7,1320,640,4996,2430,7,680,2,2,2,1614,173,0,9,0
"Butler County, Kentucky",3898,1929,1716,1663,4,2,251,3383,1716,4,2,264,3,1,0,22,0,0,0,98,1969,3379,2,515,264,3379,1663,2,251,9,6,5,1028,0,0,7,51
"Caldwell County, Kentucky",10365,5018,4181,3910,103,49,1112,8194,4181,103,49,1059,4,1,0,57,0,54,1,377,5347,8091,54,2171,1059,8091,3910,54,1112,23,12,11,2758,283,12,12,69
"Calloway County, Kentucky",9794,4786,4574,4296,13,7,428,8883,4574,13,7,483,7,3,0,18,0,34,0,206,5008,8870,6,911,483,8870,4296,6,428,12,4,1,3014,74,2,0,0
"Campbell County, Kentucky",5214,2388,2686,2235,4,1,137,4925,2686,4,1,152,0,2,0,30,0,18,0,186,2826,4921,3,289,152,4921,2235,3,137,5,3,1,1035,191,19,13,0
"Carroll County, Kentucky",3966,1904,1680,1532,23,10,369,3235,1680,23,10,362,1,0,0,32,0,29,0,314,2062,3212,13,731,362,3212,1532,13,369,5,3,3,601,104,10,6,0
"Carter County, Kentucky",2905,1434,1373,1338,8,3,93,2719,1373,8,3,93,0,0,0,0,0,0,0,50,1471,2711,5,186,93,2711,1338,5,93,2,0,0,2149,0,0,2,0
"Casey County, Kentucky",4939,2471,2193,2178,37,22,260,4408,2193,37,22,271,3,1,0,9,0,0,0,143,2468,4371,15,531,271,4371,2178,15,260,10,5,4,1420,1522,0,5,0
"Christian County, Kentucky",15587,7633,4895,4596,99,42,3002,9590,4895,99,42,2995,7,2,0,108,0,82,0,517,7954,9491,57,5997,2995,9491,4596,57,3002,18,14,12,4541,365,6,0,234
"Clark County, Kentucky",10802,5380,3462,3293,145,71,1886,6900,3462,145,71,2016,1,2,0,41,0,69,0,738,5422,6755,74,3902,2016,6755,3293,74,1886,8,5,3,3117,275,0,9,115
"Clay County, Kentucky",4607,2203,2027,1927,150,75,302,4104,2027,150,75,201,7,1,0,11,0,2,0,19,2404,3954,75,503,201,3954,1927,75,302,9,1,0,523,189,0,4,0
"Clinton County, Kentucky",3863,1906,1869,1805,1,0,87,3675,1869,1,0,101,5,2,0,8,0,15,0,49,1957,3674,1,188,101,3674,1805,1,87,15,8,6,1066,1019,0,7,25
"Cumberland County, Kentucky",6090,3059,2261,2310,34,18,754,4605,2261,34,18,731,0,3,0,0,0,1,0,193,3031,4571,16,1485,731,4571,2310,16,754,9,10,7,1673,20,0,14,0
"Daviess County, Kentucky",8331,4031,3303,3024,44,23,976,6371,3303,44,23,984,5,2,7,46,2,21,0,166,4300,6327,21,1960,984,6327,3024,21,976,8,2,0,2641,242,3,4,0
"Edmonson County, Kentucky",2914,1400,1334,1245,1,0,179,2580,1334,1,0,155,0,1,0,0,0,6,0,0,1514,2579,1,334,155,2579,1245,1,179,5,2,1,637,33,0,0,0
"Estill County, Kentucky",5535,2646,2582,2378,17,12,302,4977,2582,17,12,256,4,1,40,13,0,5,0,0,2889,4960,5,558,256,4960,2378,5,302,12,8,7,798,120,0,15,0
"Fayette County, Kentucky",22194,10670,5533,5352,599,301,5693,11484,5533,599,301,5017,3,112,0,166,21,119,1,1325,11524,10885,298,10710,5017,10885,5352,298,5693,163,169,57,4148,2072,0,21,253
"Fleming County, Kentucky",13268,6586,5663,5495,118,60,961,11276,5663,118,60,1031,7,9,0,65,1,46,0,469,6682,11158,58,1992,1031,11158,5495,58,961,23,18,9,2752,313,2,14,169
"Floyd County, Kentucky",6302,3051,3154,2949,15,4,86,6118,3154,15,4,98,5,2,0,8,0,11,0,0,3251,6103,11,184,98,6103,2949,11,86,13,4,2,1664,14,0,13,0
"Franklin County, Kentucky",9420,4498,3430,2907,234,121,1379,6571,3430,234,121,1470,0,0,0,46,1,89,0,175,4922,6337,113,2849,1470,6337,2907,113,1379,4,4,4,1700,660,8,8,83
"Gallatin County, Kentucky",4003,1889,1794,1567,38,15,297,3399,1794,38,15,307,9,0,0,19,0,39,0,176,2114,3361,23,604,307,3361,1567,23,297,18,9,9,920,135,9,8,0
"Garrard County, Kentucky",10480,5148,3631,3479,87,46,1660,7197,3631,87,46,1623,6,0,0,56,0,53,0,390,5332,7110,41,3283,1623,7110,3479,41,1660,25,22,22,7217,404,3,22,150
"Grant County, Kentucky",4192,2010,2003,1835,6,3,176,3844,2003,6,3,172,6,0,0,14,0,9,0,97,2182,3838,3,348,172,3838,1835,3,176,17,9,9,1167,121,1,9,0
"Graves County, Kentucky",7465,3724,3376,3268,4,3,364,6648,3376,4,3,453,3,4,0,14,0,16,0,401,3741,6644,1,817,453,6644,3268,1,364,18,13,9,4514,84,0,8,0
"Grayson County, Kentucky",4461,2223,2136,2126,0,0,102,4262,2136,0,0,97,3,3,0,14,0,2,0,209,2238,4262,0,199,97,4262,2126,0,102,7,4,1,1154,10,0,7,0
"Green County, Kentucky",14212,7038,5241,5022,119,48,1862,10382,5241,119,48,1968,4,1,0,3,0,33,0,309,7174,10263,71,3830,1968,10263,5022,71,1862,20,15,14,4434,219,0,22,100
"Greenup County, Kentucky",6297,3043,2850,2629,64,26,366,5543,2850,64,26,388,1,0,56,15,0,9,0,225,3254,5479,38,754,388,5479,2629,38,366,12,9,9,1108,153,0,7,0
"Hancock County, Kentucky",2581,1236,1074,965,3,0,268,2042,1074,3,0,271,0,0,43,19,0,14,0,0,1345,2039,3,539,271,2039,965,3,268,1,1,1,726,77,11,1,0
"Hardin County, Kentucky",16357,8042,7049,6780,46,24,1244,13875,7049,46,24,1238,0,2,0,61,0,42,0,185,8315,13829,22,2482,1238,13829,6780,22,1244,7,4,2,2807,227,10,14,0
"Harlan County, Kentucky",3015,1514,1467,1461,8,3,29,2936,1467,8,3,50,1,2,0,7,0,7,0,0,1501,2928,5,79,50,2928,1461,5,29,4,4,2,997,20,0,3,0
"Harrison County, Kentucky",12472,6040,4605,4390,93,39,1773,9088,4605,93,39,1611,11,0,0,0,0,23,0,617,6432,8995,54,3384,1611,8995,4390,54,1773,22,6,6,2816,324,0,15,0
"Hart County, Kentucky",7031,3420,3083,2895,44,21,505,6022,3083,44,21,504,10,0,0,19,0,15,0,241,3611,5978,23,1009,504,5978,2895,23,505,24,13,13,1970,225,3,8,0
"Henderson County, Kentucky",9548,4546,3279,2902,48,16,1691,6229,3279,48,16,1628,1,6,0,143,0,37,0,401,5002,6181,32,3319,1628,6181,2902,32,1691,6,6,0,2691,223,5,0,106
"Henry County, Kentucky",10015,4843,3980,3657,29,16,1179,7666,3980,29,16,1170,2,2,0,19,0,0,0,725,5172,7637,13,2349,1170,7637,3657,13,1179,7,5,3,1162,122,0,32,0
"Hickman County, Kentucky",8968,4322,3854,3491,8,3,787,7353,3854,8,3,828,1,0,0,2,0,2,0,248,4646,7345,5,1615,828,7345,3491,5,787,3,2,2,2453,104,0,9,0
"Hopkins County, Kentucky",9171,4514,3817,3600,31,16,825,7448,3817,31,16,898,2,0,0,23,0,20,0,89,4657,7417,15,1723,898,7417,3600,15,825,2,0,0,1404,74,3,7,0
"Jefferson County, Kentucky",36346,17196,14604,12383,763,381,4164,27750,14604,763,381,4432,9,1,0,688,2,193,1,814,19150,26987,382,8596,4432,26987,12383,382,4164,19,9,8,3987,2208,503,4,452
"Jessamine County, Kentucky",9396,4542,2964,2816,144,70,1816,5924,2964,144,70,1656,4,1,0,29,0,43,0,534,4854,5780,74,3472,1656,5780,2816,74,1816,27,25,24,2330,641,0,21,66
"Kenton County, Kentucky",7816,3709,3736,3295,34,17,354,7065,3736,34,17,397,24,3,0,71,1,69,0,354,4107,7031,17,751,397,7031,3295,17,354,50,19,16,882,597,62,6,0
"Knox County, Kentucky",5722,2826,2562,2460,164,81,251,5186,2562,164,81,285,3,4,0,1,0,6,0,76,2896,5022,83,536,285,5022,2460,83,251,10,8,4,1584,18,0,7,0
"Laurel County, Kentucky",3079,1491,1538,1426,6,2,46,2970,1538,6,2,63,0,0,NA,NA,NA,NA,0,188,1588,2964,4,109,63,2964,1426,4,46,0,0,0,NA,NA,NA,6,0
"Lawrence County, Kentucky",4730,2270,2422,2230,1,0,37,4653,2422,1,0,40,0,0,0,0,0,0,0,176,2460,4652,1,77,40,4652,2230,1,37,0,0,0,1259,0,0,7,0
"Lewis County, Kentucky",6306,3160,2942,2931,27,13,190,5900,2942,27,13,216,1,1,0,14,0,0,0,264,3146,5873,14,406,216,5873,2931,14,190,2,1,0,1331,76,8,2,0
"Lincoln County, Kentucky",10187,5044,3340,3242,155,77,1725,6737,3340,155,77,1725,3,5,0,10,0,17,0,153,5143,6582,78,3450,1725,6582,3242,78,1725,11,8,3,724,96,0,11,150
"Livingston County, Kentucky",9025,4272,3879,3459,99,46,821,7437,3879,99,46,767,0,4,22,82,0,31,0,261,4753,7338,53,1588,767,7338,3459,53,821,2,7,3,2072,327,66,4,63
"Logan County, Kentucky",13615,6809,4312,4167,310,158,2342,8789,4312,310,158,2484,6,8,0,0,0,35,0,389,6806,8479,152,4826,2484,8479,4167,152,2342,30,31,23,3416,410,1,13,146
"Mccracken County, Kentucky",4745,2282,2143,1921,27,11,304,4091,2143,27,11,350,4,4,0,65,0,25,0,112,2463,4064,16,654,350,4064,1921,16,304,27,15,11,1187,130,36,0,115
"Madison County, Kentucky",16355,8044,5568,5292,82,34,2695,10942,5568,82,34,2718,15,11,0,34,6,32,0,234,8311,10860,48,5413,2718,10860,5292,48,2695,36,24,13,4293,308,0,32,0
"Marion County, Kentucky",11032,5463,4244,4096,80,47,1292,8420,4244,80,47,1320,1,6,0,34,0,80,1,359,5569,8340,33,2612,1320,8340,4096,33,1292,15,15,9,2790,223,0,0,282
"Mason County, Kentucky",15719,7657,5810,5328,272,139,2119,11410,5810,272,139,2190,5,1,0,163,0,99,0,1006,8062,11138,133,4309,2190,11138,5328,133,2119,16,10,9,3172,725,43,15,70
"Meade County, Kentucky",5780,2738,2353,2013,5,0,684,4371,2353,5,0,725,3,0,0,29,0,12,0,257,3042,4366,5,1409,725,4366,2013,5,684,3,0,0,1270,137,1,0,0
"Mercer County, Kentucky",18720,9122,6660,6401,373,188,2753,13434,6660,373,188,2533,44,8,0,47,0,53,2,726,9598,13061,185,5286,2533,13061,6401,185,2753,72,31,23,3042,529,0,41,140
"Monroe County, Kentucky",6526,3256,2918,2893,12,6,346,5823,2918,12,6,357,0,0,0,15,0,19,0,156,3270,5811,6,703,357,5811,2893,6,346,11,7,7,2248,96,3,13,25
"Montgomery County, Kentucky",9332,4626,3282,3127,188,86,1322,6597,3282,188,86,1413,5,4,1,31,0,35,0,568,4706,6409,102,2735,1413,6409,3127,102,1322,17,14,10,3152,191,0,15,0
"Morgan County, Kentucky",4603,2214,2361,2178,3,1,26,4542,2361,3,1,35,0,6,0,4,1,2,0,0,2389,4539,2,61,35,4539,2178,2,26,5,7,1,1332,10,0,13,0
"Muhlenberg County, Kentucky",6964,3349,3030,2725,13,7,579,5768,3030,13,7,617,2,0,4,0,0,11,0,98,3615,5755,6,1196,617,5755,2725,6,579,4,1,1,1787,0,0,6,0
"Nelson County, Kentucky",13637,6775,4499,4379,116,63,2310,8994,4499,116,63,2333,13,5,0,93,0,78,1,35,6862,8878,53,4643,2333,8878,4379,53,2310,35,18,13,3254,452,0,6,341
"Nicholas County, Kentucky",8745,4382,3671,3639,182,97,607,7492,3671,182,97,646,9,6,0,127,0,7,0,501,4363,7310,85,1253,646,7310,3639,85,607,30,14,8,2602,51,0,9,0
"Ohio County, Kentucky",6592,3243,2954,2793,22,8,381,5769,2954,22,8,442,5,6,1,19,2,24,0,25,3349,5747,14,823,442,5747,2793,14,381,21,16,10,1905,84,25,9,1
"Oldham County, Kentucky",7380,3557,2571,2287,145,60,1167,5003,2571,145,60,1210,4,1,0,27,0,29,0,320,3823,4858,85,2377,1210,4858,2287,85,1167,9,5,4,1895,244,8,0,20
"Owen County, Kentucky",8232,3931,3679,3236,36,13,599,6951,3679,36,13,682,3,5,0,52,0,35,0,511,4301,6915,23,1281,682,6915,3236,23,599,12,9,4,3052,286,0,16,0
"Pendleton County, Kentucky",4455,2083,2177,1836,5,1,191,4018,2177,5,1,246,4,2,0,0,0,0,0,265,2372,4013,4,437,246,4013,1836,4,191,8,5,3,900,0,0,17,0
"Perry County, Kentucky",3089,1466,1548,1375,23,8,60,2946,1548,23,8,83,8,7,NA,NA,NA,NA,0,0,1623,2923,15,143,83,2923,1375,15,60,18,9,2,NA,NA,NA,4,0
"Pike County, Kentucky",3567,1757,1756,1713,13,7,48,3482,1756,13,7,37,1,4,0,0,0,0,0,25,1810,3469,6,85,37,3469,1713,6,48,7,5,1,1260,0,0,3,0
"Pulaski County, Kentucky",9620,4700,4438,4145,18,10,474,8601,4438,18,10,545,1,0,2,7,0,1,0,754,4920,8583,8,1019,545,8583,4145,8,474,1,0,0,2528,0,20,5,0
"Rockcastle County, Kentucky",3409,1647,1584,1439,9,6,175,3032,1584,9,6,202,3,3,0,0,0,9,0,0,1762,3023,3,377,202,3023,1439,3,175,7,5,2,707,47,0,12,0
"Russell County, Kentucky",4238,2087,1959,1869,4,0,188,3832,1959,4,0,218,0,0,0,2,1,18,0,50,2151,3828,4,406,218,3828,1869,4,188,1,2,2,2475,42,0,0,0
"Scott County, Kentucky",13668,6537,4340,3880,109,55,2737,8329,4340,109,55,2602,2,9,0,60,0,68,1,719,7131,8220,54,5339,2602,8220,3880,54,2737,13,15,6,3004,618,0,0,160
"Shelby County, Kentucky",17768,8600,5857,5399,157,71,3225,11413,5857,157,71,3130,15,7,0,0,0,0,0,301,9168,11256,86,6355,3130,11256,5399,86,3225,32,19,12,4110,19,0,29,387
"Simpson County, Kentucky",6537,3197,2580,2424,40,19,739,5044,2580,40,19,754,0,0,0,0,0,0,0,0,3340,5004,21,1493,754,5004,2424,21,739,1,0,0,1843,53,0,6,0
"Spencer County, Kentucky",6581,3166,2429,2221,20,9,975,4670,2429,20,9,936,4,1,0,25,0,36,0,275,3415,4650,11,1911,936,4650,2221,11,975,9,7,6,1762,109,0,7,118
"Todd County, Kentucky",9991,4931,3107,2963,42,16,1927,6112,3107,42,16,1952,5,0,0,24,0,39,0,340,5060,6070,26,3879,1952,6070,2963,26,1927,21,8,8,2927,215,0,12,245
"Trigg County, Kentucky",7716,3777,2899,2715,50,21,1011,5664,2899,50,21,1041,4,0,0,24,0,22,0,265,3939,5614,29,2052,1041,5614,2715,29,1011,7,2,2,2379,210,12,4,0
"Trimble County, Kentucky",4480,2211,1944,1843,20,11,316,3807,1944,20,11,357,2,0,2,22,0,27,0,205,2269,3787,9,673,357,3787,1843,9,316,3,1,1,2853,211,0,10,0
"Union County, Kentucky",6673,3210,2573,2336,36,12,866,4945,2573,36,12,862,0,1,0,20,1,4,0,117,3463,4909,24,1728,862,4909,2336,24,866,2,2,1,1950,95,0,3,60
"Warren County, Kentucky",15446,7535,5700,5378,161,76,2126,11239,5700,161,76,2081,0,0,5,93,0,0,0,125,7911,11078,85,4207,2081,11078,5378,85,2126,2,2,2,3059,324,0,7,130
"Washington County, Kentucky",10596,5294,4006,3894,38,19,1277,7938,4006,38,19,1381,3,9,0,24,0,53,0,636,5302,7900,19,2658,1381,7900,3894,19,1277,25,22,13,1839,189,0,13,80
"Wayne County, Kentucky",7399,3605,3481,3273,15,5,303,6769,3481,15,5,327,5,3,10,19,0,24,0,172,3794,6754,10,630,327,6754,3273,10,303,19,9,6,2181,50,0,20,0
"Whitley County, Kentucky",4673,2318,2284,2224,19,7,59,4527,2284,19,7,87,5,10,30,3,0,5,0,44,2355,4508,12,146,87,4508,2224,12,59,27,20,10,1249,14,43,10,0
"Woodford County, Kentucky",11740,5610,2981,2835,172,79,3056,5988,2981,172,79,2696,4,8,9,44,5,53,0,94,6130,5816,93,5752,2696,5816,2835,93,3056,25,23,15,2315,641,5,5,104
"Ascension County, Louisiana",6951,3160,1209,1046,143,80,2519,2398,1209,143,80,2034,0,0,0,75,0,21,0,62,3791,2255,63,4553,2034,2255,1046,63,2519,2,3,3,3458,98,2,0,56
"Assumption County, Louisiana",7141,3367,2149,1954,50,24,1599,4153,2149,50,24,1389,0,0,0,28,1,19,1,0,3774,4103,26,2988,1389,4103,1954,26,1599,0,2,2,3207,38,2,0,0
"Avoyelles County, Louisiana",6616,3094,1680,1386,78,30,1794,3144,1680,78,30,1678,0,0,0,19,0,10,0,42,3522,3066,48,3472,1678,3066,1386,48,1794,0,0,0,2,11,0,0,45
"Caddo County, Louisiana",5282,2373,1418,998,29,17,1479,2445,1418,29,17,1358,0,1,1,7,0,22,0,3,2909,2416,12,2837,1358,2416,998,12,1479,4,3,2,44,2,0,1,35
"Calcasieu County, Louisiana",2057,1010,711,638,226,112,222,1575,711,226,112,260,0,1,0,5,0,0,0,28,1047,1349,114,482,260,1349,638,114,222,0,1,0,534,18,3,0,0
"Caldwell County, Louisiana",2017,957,733,621,14,5,318,1368,733,14,5,331,0,0,0,12,0,3,0,0,1060,1354,9,649,331,1354,621,9,318,0,0,0,258,21,0,1,0
"Carroll County, Louisiana",4237,2024,664,482,9,4,1544,1155,664,9,4,1538,1,0,0,0,0,0,0,18,2213,1146,5,3082,1538,1146,482,5,1544,1,0,0,1953,0,0,0,0
"Catahoula County, Louisiana",4955,2331,1608,1327,22,10,1004,2957,1608,22,10,994,0,0,0,11,0,26,0,77,2624,2935,12,1998,994,2935,1327,12,1004,3,3,3,1698,51,3,0,50
"Claiborne County, Louisiana",6185,2853,2119,1727,44,19,1188,3890,2119,44,19,1107,1,0,0,26,0,19,0,217,3332,3846,25,2295,1107,3846,1727,25,1188,1,3,3,2322,66,1,2,112
"Concordia County, Louisiana",9414,4363,879,501,31,14,4155,1411,879,31,14,3848,0,0,0,0,0,0,0,49,5051,1380,17,8003,3848,1380,501,17,4155,0,0,0,7538,0,5,0,0
"East Baton Rouge County, Louisiana",8138,3869,2095,1655,182,107,2099,3932,2095,182,107,2107,1,0,0,55,0,31,1,168,4269,3750,75,4206,2107,3750,1655,75,2099,2,0,0,2370,110,0,1,196
"East Feliciana County, Louisiana",11893,5691,2234,1758,30,15,3953,4022,2234,30,15,3918,1,0,0,67,1,94,1,631,6202,3992,15,7871,3918,3992,1758,15,3953,4,9,9,4931,308,0,1,275
"Iberville County, Louisiana",8495,3999,1353,1170,85,41,3099,2608,1353,85,41,2788,0,0,0,41,0,28,0,133,4496,2523,44,5887,2788,2523,1170,44,3099,0,0,0,4798,0,0,0,12
"Jefferson County, Louisiana",10470,4149,3123,1743,618,301,2881,5484,3123,618,301,2105,0,0,0,381,2,21,0,29,6321,4866,317,4986,2105,4866,1743,317,2881,1,2,2,1982,604,32,1,55
"Lafayette County, Louisiana",7841,3763,2370,2104,134,79,1653,4608,2370,134,79,1580,6,1,0,17,0,0,0,97,4078,4474,55,3233,1580,4474,2104,55,1653,8,2,1,1984,0,0,2,5
"Lafourche County, Louisiana",7303,3465,2072,1914,71,41,1736,4057,2072,71,41,1510,6,0,0,0,0,0,0,66,3838,3986,30,3246,1510,3986,1914,30,1736,14,4,4,2643,0,0,0,0
"Livingston County, Louisiana",2315,1078,849,684,43,19,364,1576,849,43,19,375,0,1,0,5,0,11,0,17,1237,1533,24,739,375,1533,684,24,364,3,3,2,854,33,21,0,60
"Madison County, Louisiana",5142,2382,755,455,9,6,2002,1219,755,9,6,1921,0,0,0,0,0,0,0,0,2760,1210,3,3923,1921,1210,455,3,2002,0,0,0,2920,0,0,0,0
"Natchitoches County, Louisiana",14350,6667,3963,3079,657,355,3418,7699,3963,657,355,3233,3,1,0,60,2,34,0,58,7683,7042,302,6651,3233,7042,3079,302,3418,7,6,5,994,181,4,0,128
"Orleans County, Louisiana",102193,49057,34903,24616,19226,10788,9795,78745,34903,19226,10788,13653,10,5,0,7392,1315,438,2,845,53136,59519,8438,23448,13653,59519,24616,8438,9795,41,16,11,1430,4593,285,2,440
"Ouachita County, Louisiana",4640,2139,1240,948,14,7,1254,2202,1240,14,7,1184,2,0,0,31,0,15,0,115,2501,2188,7,2438,1184,2188,948,7,1254,5,3,3,1895,125,0,0,30
"Plaquemines County, Louisiana",5060,2083,833,518,324,145,1965,1675,833,324,145,1420,1,0,0,16,0,4,1,0,2977,1351,179,3385,1420,1351,518,179,1965,3,3,3,3040,2,111,0,0
"Pointe Coupee County, Louisiana",7898,3684,1171,916,381,207,2869,2468,1171,381,207,2561,0,0,0,31,0,13,1,83,4214,2087,174,5430,2561,2087,916,174,2869,3,2,2,3302,18,3,0,0
"Rapides County, Louisiana",14132,6759,1821,1422,378,190,5364,3621,1821,378,190,5147,0,3,0,22,0,36,1,0,7373,3243,188,10511,5147,3243,1422,188,5364,3,5,2,7356,193,0,1,136
"St Bernard County, Louisiana",3237,1287,620,415,65,32,1297,1100,620,65,32,840,1,0,0,21,0,5,1,0,1950,1035,33,2137,840,1035,415,33,1297,3,2,2,1432,175,14,0,0
"St Charles County, Louisiana",4700,1908,473,401,104,49,2264,978,473,104,49,1458,0,0,NA,NA,NA,NA,0,23,2792,874,55,3722,1458,874,401,55,2264,0,0,0,NA,NA,NA,0,0
"St Helena County, Louisiana",3525,1700,1046,899,7,1,773,1952,1046,7,1,800,1,0,0,4,0,7,0,86,1825,1945,6,1573,800,1945,899,6,773,4,3,3,1563,35,0,0,37
"St James County, Louisiana",8548,3851,1433,1329,75,48,3237,2837,1433,75,48,2474,0,0,0,39,0,74,2,48,4697,2762,27,5711,2474,2762,1329,27,3237,1,2,2,3542,85,1,0,0
"St John The Baptist County, Louisiana",5776,2568,1108,1033,191,93,2002,2332,1108,191,93,1442,4,0,NA,NA,NA,NA,0,81,3208,2141,98,3444,1442,2141,1033,98,2002,8,4,4,NA,NA,NA,0,0
"St Landry County, Louisiana",15233,7230,3828,3351,925,460,3710,8104,3828,925,460,3419,0,0,0,0,0,0,1,85,8003,7179,465,7129,3419,7179,3351,465,3710,0,0,0,76,8,0,0,120
"St Martin County, Louisiana",8674,3949,1955,1594,484,243,2529,4033,1955,484,243,2112,0,0,0,71,1,44,0,110,4725,3549,241,4641,2112,3549,1594,241,2529,2,2,2,691,95,2,0,26
"St Mary County, Louisiana",8950,4056,1268,1098,298,143,3471,2664,1268,298,143,2815,0,0,NA,NA,NA,NA,0,110,4894,2366,155,6286,2815,2366,1098,155,3471,2,8,8,NA,NA,NA,0,0
"St Tammany County, Louisiana",4598,2009,1315,1038,305,152,1121,2658,1315,305,152,819,0,0,0,68,0,15,0,15,2589,2353,153,1940,819,2353,1038,153,1121,0,0,0,691,614,171,0,56
"Terrebonne County, Louisiana",4410,2027,1140,935,35,18,1226,2110,1140,35,18,1074,2,0,0,0,0,0,0,40,2383,2075,17,2300,1074,2075,935,17,1226,4,2,2,2081,0,0,0,0
"Union County, Louisiana",1838,895,674,599,2,0,267,1275,674,2,0,296,0,0,0,0,0,1,0,100,943,1273,2,563,296,1273,599,2,267,0,1,1,470,7,0,0,0
"Washington County, Louisiana",2649,1264,992,864,2,0,391,1858,992,2,0,400,2,0,0,6,0,3,0,50,1385,1856,2,791,400,1856,864,2,391,2,1,1,740,6,0,0,70
"West Baton Rouge County, Louisiana",4638,2131,765,606,120,73,1695,1491,765,120,73,1452,0,0,0,10,0,7,0,42,2507,1371,47,3147,1452,1371,606,47,1695,2,3,3,2025,18,0,0,51
"West Feliciana County, Louisiana",10910,5417,1178,886,91,48,4272,2155,1178,91,48,4483,0,0,0,29,0,17,0,45,5493,2064,43,8755,4483,2064,886,43,4272,1,2,2,5065,50,2,0,0
"Aroostook County, Maine",9413,4124,5288,4122,3,2,0,9413,5288,3,2,0,0,1,0,0,0,9,0,1150,5289,9410,1,0,0,9410,4122,1,0,0,1,0,2273,27,0,1,0
"Cumberland County, Maine",68658,35248,33144,34973,541,275,0,68658,33144,541,275,0,51,39,5,547,1561,324,1,18660,33410,68117,266,0,0,68117,34973,266,0,163,84,45,11060,3248,71,228,2415
"Franklin County, Maine",20801,10224,10568,10215,18,9,0,20801,10568,18,9,0,9,12,0,43,7,88,0,7185,10577,20783,9,0,0,20783,10215,9,0,51,37,25,4889,501,0,55,0
"Hancock County, Maine",28605,13965,14628,13953,24,12,0,28605,14628,24,12,0,8,12,0,170,1501,89,0,10946,14640,28581,12,0,0,28581,13953,12,0,45,37,25,5512,1021,23,29,179
"Kennebec County, Maine",55823,27788,27924,27700,199,88,0,55823,27924,199,88,0,22,38,7,334,356,249,2,17163,28035,55624,111,0,0,55624,27700,111,0,114,79,41,13882,2911,93,207,1311
"Lincoln County, Maine",63517,31368,32019,31263,235,105,0,63517,32019,235,105,0,31,34,0,532,3141,215,1,18986,32149,63282,130,0,0,63282,31263,130,0,153,101,67,11348,3332,124,178,586
"Oxford County, Maine",38351,18946,19400,18944,7,2,0,38351,19400,7,2,0,15,23,0,51,10,123,0,14330,19405,38344,5,0,0,38344,18944,5,0,47,47,24,11371,1311,4,180,359
"Penobscot County, Maine",45705,21880,23749,21826,130,54,0,45705,23749,130,54,0,10,6,22,477,422,222,0,14797,23825,45575,76,0,0,45575,21826,76,0,34,24,18,7485,2549,181,71,275
"Piscataquis County, Maine",13138,6287,6850,6287,1,0,0,13138,6850,1,0,0,4,1,2,20,2,40,0,5578,6851,13137,1,0,0,13137,6287,1,0,7,1,0,3104,227,0,14,100
"Somerset County, Maine",33912,16508,17388,16501,23,7,0,33912,17388,23,7,0,15,16,0,34,24,94,0,13179,17404,33889,16,0,0,33889,16501,16,0,46,35,19,7102,834,28,84,155
"Waldo County, Maine",41509,20145,21335,20122,52,23,0,41509,21335,52,23,0,13,14,0,221,1402,136,0,14740,21364,41457,29,0,0,41457,20122,29,0,60,34,20,8458,1471,9,112,1946
"Washington County, Maine",28327,13737,14559,13708,60,29,0,28327,14559,60,29,0,6,7,0,222,778,89,0,9273,14590,28267,31,0,0,28267,13708,31,0,30,23,16,3732,1288,3,29,191
"York County, Maine",54034,27864,26137,27835,62,29,0,54034,26137,62,29,0,38,42,0,270,887,211,0,18490,26170,53972,33,0,0,53972,27835,33,0,189,128,86,11414,3159,3,221,960
"Allegany County, Maryland",15690,7076,8127,6536,215,102,374,14878,8127,215,102,438,5,1,140,79,0,66,0,802,8614,14663,113,812,438,14663,6536,113,374,15,11,10,2192,648,0,6,65
"Anne Arundel County, Maryland",29532,14543,7297,7333,5083,2570,5179,19713,7297,5083,2570,4640,5,6,32,219,6,140,1,1018,14989,14630,2513,9819,4640,14630,7333,2513,5179,26,25,19,12560,1287,112,12,242
"Baltimore County, Maryland",134379,71035,50908,54423,21453,12490,3473,126784,50908,21453,12490,4122,41,86,29,2065,602,633,4,3043,63344,105331,8963,7595,4122,105331,54423,8963,3473,261,207,121,5573,11229,292,17,2372
"Calvert County, Maryland",9229,4537,1866,1719,1474,752,2104,5059,1866,1474,752,2066,6,0,0,36,0,33,0,175,4692,3585,722,4170,2066,3585,1719,722,2104,10,6,6,3012,132,41,0,58
"Caroline County, Maryland",7806,3854,2694,2640,1720,859,397,7054,2694,1720,859,355,4,0,13,56,1,2,0,444,3952,5334,861,752,355,5334,2640,861,397,9,4,4,1589,58,29,1,0
"Carroll County, Maryland",17241,8662,7533,7688,898,448,596,16119,7533,898,448,526,10,7,0,49,0,31,0,331,8579,15221,450,1122,526,15221,7688,450,596,42,25,18,1950,641,0,6,39
"Cecil County, Maryland",17232,8362,6844,6485,2551,1233,708,15880,6844,2551,1233,644,22,14,28,65,3,41,0,824,8870,13329,1318,1352,644,13329,6485,1318,708,55,29,15,2205,766,50,4,107
"Charles County, Maryland",16023,8039,2968,3054,819,418,4615,6841,2968,819,418,4567,1,6,0,0,0,23,0,647,7984,6022,401,9182,4567,6022,3054,401,4615,16,16,10,489,78,35,1,0
"Dorchester County, Maryland",18843,9347,5355,5274,3987,2062,2216,14616,5355,3987,2062,2011,6,2,0,19,10,43,0,579,9496,10629,1925,4227,2011,10629,5274,1925,2216,23,10,8,3953,186,260,4,106
"Frederick County, Maryland",36405,18186,14415,14560,2985,1542,2361,31960,14415,2985,1542,2084,8,6,16,89,0,133,2,2291,18219,28975,1443,4445,2084,28975,14560,1443,2361,39,23,17,3880,1614,2,5,233
"Harford County, Maryland",17120,8355,6154,5887,2436,1179,1354,14477,6154,2436,1179,1289,11,3,42,67,31,65,1,945,8765,12041,1257,2643,1289,12041,5887,1257,1354,32,19,16,2824,748,61,10,163
"Kent County, Maryland",10842,5170,2880,2736,2491,1216,1517,8107,2880,2491,1216,1218,6,7,7,105,0,40,3,474,5672,5616,1275,2735,1218,5616,2736,1275,1517,16,17,10,2825,305,79,3,18
"Montgomery County, Maryland",15456,7614,4397,4369,1313,667,2799,10079,4397,1313,667,2578,5,5,8,41,1,55,0,383,7842,8766,646,5377,2578,8766,4369,646,2799,36,31,26,4718,345,10,9,283
"Prince Georges County, Maryland",19539,9680,3860,3963,1080,495,5414,8903,3860,1080,495,5222,4,3,0,46,1,51,0,253,9859,7823,585,10636,5222,7823,3963,585,5414,23,18,15,5229,201,4,5,42
"Queen Annes County, Maryland",12633,6062,3175,2957,2541,1233,2088,8673,3175,2541,1233,1872,2,4,0,31,2,28,0,384,6571,6132,1308,3960,1872,6132,2957,1308,2088,13,12,8,2972,93,80,0,96
"St Marys County, Maryland",13224,6556,3043,3027,1393,694,2926,7463,3043,1393,694,2835,7,4,0,47,5,75,0,351,6668,6070,699,5761,2835,6070,3027,699,2926,24,23,19,5251,175,82,2,54
"Somerset County, Maryland",19508,9751,5654,5831,2646,1406,2863,14131,5654,2646,1406,2514,16,4,0,21,13,47,1,614,9757,11485,1240,5377,2514,11485,5831,1240,2863,26,15,11,2639,344,247,2,26
"Talbot County, Maryland",12090,5918,3095,2968,2340,1170,1907,8403,3095,2340,1170,1780,8,1,0,56,0,40,0,870,6172,6063,1170,3687,1780,6063,2968,1170,1907,17,7,6,2410,245,91,3,78
"Washington County, Maryland",28850,14122,12668,12056,1580,808,1288,26304,12668,1580,808,1258,4,19,0,136,5,93,0,1823,14728,24724,772,2546,1258,24724,12056,772,1288,43,41,22,3157,2181,0,5,95
"Worcester County, Maryland",18377,9091,5871,5894,3073,1547,1889,14838,5871,3073,1547,1650,10,1,5,54,37,27,0,600,9286,11765,1526,3539,1650,11765,5894,1526,1889,26,11,10,2618,253,53,0,212
"Barnstable County, Massachusetts",32548,16425,15905,16206,437,219,0,32548,15905,437,219,0,21,34,0,240,5473,104,0,10359,16123,32111,218,0,0,32111,16206,218,0,124,84,50,1972,1360,1,78,557
"Berkshire County, Massachusetts",41745,20627,20464,20003,1278,624,0,41745,20464,1278,624,0,11,15,28,124,20,186,1,9104,21118,40467,654,0,0,40467,20003,654,0,58,45,30,8630,3511,0,166,522
"Bristol County, Massachusetts",60164,30640,28898,30036,1230,604,0,60164,28898,1230,604,0,38,50,0,885,2195,234,0,12192,29524,58934,626,0,0,58934,30036,626,0,195,126,76,6429,6459,169,204,612
"Dukes County, Massachusetts",3958,2020,1925,2013,20,7,0,3958,1925,20,7,0,16,8,0,32,387,19,0,928,1938,3938,13,0,0,3938,2013,13,0,38,16,8,424,144,0,17,70
"Essex County, Massachusetts",94987,48537,46217,48263,507,274,0,94987,46217,507,274,0,32,91,6,551,4217,534,1,19269,46450,94480,233,0,0,94480,48263,233,0,202,145,54,7607,13984,13,315,2109
"Franklin County, Massachusetts",28812,14557,14203,14521,88,36,0,28812,14203,88,36,0,12,6,6,182,3,159,0,8512,14255,28724,52,0,0,28724,14521,52,0,42,23,17,6011,1387,7,149,870
"Hampden County, Massachusetts",37366,18866,18348,18706,312,160,0,37366,18348,312,160,0,9,7,0,247,22,198,0,6586,18500,37054,152,0,0,37054,18706,152,0,33,19,12,6421,5190,28,131,710
"Hampshire County, Massachusetts",30897,15465,15326,15370,201,95,0,30897,15326,201,95,0,14,19,0,236,1,168,1,8909,15432,30696,106,0,0,30696,15370,106,0,68,41,22,6547,2387,16,157,589
"Middlesex County, Massachusetts",106611,56205,50121,55997,493,208,0,106611,50121,493,208,0,30,74,6,1542,820,566,1,20998,50406,106118,285,0,0,106118,55997,285,0,311,258,184,14170,19975,39,258,4014
"Nantucket County, Massachusetts",9012,4227,4362,4071,579,156,0,9012,4362,579,156,0,2,1,0,227,1614,11,0,1010,4785,8433,423,0,0,8433,4071,423,0,6,3,2,118,526,1,1,630
"Norfolk County, Massachusetts",53140,27086,25991,26989,160,97,0,53140,25991,160,97,0,32,21,451,846,351,386,0,11776,26054,52980,63,0,0,52980,26989,63,0,105,63,42,6035,7756,59,209,1473
"Plymouth County, Massachusetts",47373,24030,23182,23838,353,192,0,47373,23182,353,192,0,15,29,0,360,1114,228,0,11541,23343,47020,161,0,0,47020,23838,161,0,114,96,67,5542,5136,16,306,699
"Suffolk County, Massachusetts",95773,45328,49038,44297,2438,1031,0,95773,49038,2438,1031,0,15,110,0,2088,10921,602,0,14577,50445,93335,1407,0,0,93335,44297,1407,0,209,115,5,348,5583,21,62,2649
"Worcester County, Massachusetts",95313,48353,46699,48041,573,312,0,95313,46699,573,312,0,26,179,2,503,15,409,0,24496,46960,94740,261,0,0,94740,48041,261,0,147,237,58,17583,11778,2,409,1242
"Allegan County, Michigan",1783,819,963,819,1,0,0,1783,963,1,0,0,0,0,0,13,0,17,0,305,964,1782,1,0,0,1782,819,1,0,0,0,0,476,178,9,1,15
"Barry County, Michigan",1078,477,601,477,0,0,0,1078,601,0,0,0,0,0,0,0,0,2,0,240,601,1078,0,0,0,1078,477,0,0,0,0,0,361,0,0,0,0
"Berrien County, Michigan",5011,2309,2679,2293,39,16,0,5011,2679,39,16,0,0,0,0,42,0,35,1,620,2702,4972,23,0,0,4972,2293,23,0,2,3,3,926,283,24,1,0
"Branch County, Michigan",5715,2688,3022,2688,5,0,0,5715,3022,5,0,0,1,0,0,0,0,13,0,789,3027,5710,5,0,0,5710,2688,5,0,2,0,0,1131,274,0,0,0
"Calhoun County, Michigan",10599,4990,5595,4981,23,9,0,10599,5595,23,9,0,3,1,0,83,0,86,0,2157,5609,10576,14,0,0,10576,4981,14,0,7,5,4,2755,636,0,4,88
"Cass County, Michigan",5710,2666,3040,2662,8,4,0,5710,3040,8,4,0,3,0,0,19,0,24,0,827,3044,5702,4,0,0,5702,2662,4,0,8,6,6,1672,198,2,3,0
"Chippewa County, Michigan",534,174,357,172,5,2,0,534,357,5,2,0,0,0,0,6,0,14,0,81,360,529,3,0,0,529,172,3,0,2,1,1,7,16,43,1,0
"Clinton County, Michigan",1614,759,855,759,0,0,0,1614,855,0,0,0,0,0,0,1,0,4,0,0,855,1614,0,0,0,1614,759,0,0,0,0,0,518,40,0,0,0
"Eaton County, Michigan",2379,1106,1273,1106,0,0,0,2379,1273,0,0,0,0,0,0,5,0,8,0,0,1273,2379,0,0,0,2379,1106,0,0,0,0,0,773,77,0,0,0
"Genesee County, Michigan",4268,1968,2296,1963,9,5,0,4268,2296,9,5,0,0,0,0,39,0,34,0,479,2300,4259,4,0,0,4259,1963,4,0,3,2,2,3300,343,0,2,0
"Hillsdale County, Michigan",7240,3353,3876,3348,16,5,0,7240,3876,16,5,0,1,0,0,14,0,25,0,1003,3887,7224,11,0,0,7224,3348,11,0,4,3,3,7018,148,0,7,0
"Ingham County, Michigan",2498,1135,1362,1135,1,0,0,2498,1362,1,0,0,0,0,0,2,0,3,0,267,1363,2497,1,0,0,2497,1135,1,0,3,3,3,727,16,0,1,0
"Ionia County, Michigan",1923,843,1079,843,1,0,0,1923,1079,1,0,0,0,0,0,7,0,14,0,290,1080,1922,1,0,0,1922,843,1,0,0,0,0,601,72,0,0,0
"Jackson County, Michigan",13130,6082,7032,6072,26,10,0,13130,7032,26,10,0,5,0,40,66,0,72,0,1365,7048,13104,16,0,0,13104,6072,16,0,14,6,6,2700,479,0,9,246
"Kalamazoo County, Michigan",7380,3400,3972,3394,14,6,0,7380,3972,14,6,0,4,1,0,2,0,38,1,1739,3980,7366,8,0,0,7366,3394,8,0,7,2,1,774,174,0,0,20
"Kent County, Michigan",2587,1202,1383,1202,2,0,0,2587,1383,2,0,0,0,0,0,40,0,26,0,303,1385,2585,2,0,0,2585,1202,2,0,0,0,0,451,88,4,0,0
"Lapeer County, Michigan",4265,2008,2249,2000,16,8,0,4265,2249,16,8,0,0,0,0,9,3,28,0,570,2257,4249,8,0,0,4249,2000,8,0,0,0,0,1150,133,0,1,20
"Lenawee County, Michigan",17889,8333,9532,8324,33,9,0,17889,9532,33,9,0,2,0,0,49,0,37,1,4394,9556,17856,24,0,0,17856,8324,24,0,10,11,11,4611,356,0,3,27
"Livingston County, Michigan",7430,3437,3991,3435,4,2,0,7430,3991,4,2,0,1,0,0,27,3,18,0,1777,3993,7426,2,0,0,7426,3435,2,0,1,1,1,7083,60,0,0,0
"Macomb County, Michigan",9716,4515,5191,4502,23,13,0,9716,5191,23,13,0,1,0,0,9,0,31,0,1973,5201,9693,10,0,0,9693,4502,10,0,2,1,1,1951,221,1,2,29
"Michilimackinac County, Michigan",923,361,561,361,1,0,0,923,561,1,0,0,0,0,0,20,0,4,0,0,562,922,1,0,0,922,361,1,0,1,0,0,25,191,1,2,0
"Monroe County, Michigan",9922,4706,5188,4679,55,27,0,9922,5188,55,27,0,3,0,0,1,0,4,0,777,5216,9867,28,0,0,9867,4679,28,0,5,1,1,977,69,0,6,0
"Oakland County, Michigan",23646,11147,12467,11123,56,24,0,23646,12467,56,24,0,0,0,0,80,0,130,1,4800,12499,23590,32,0,0,23590,11123,32,0,1,1,1,5468,924,1,11,0
"Oceana County, Michigan",496,177,318,176,2,1,0,496,318,2,1,0,0,0,0,1,0,5,0,25,319,494,1,0,0,494,176,1,0,0,0,0,87,32,15,0,0
"Ottawa County, Michigan",208,46,162,46,0,0,0,208,162,0,0,0,0,0,0,0,0,0,0,0,162,208,0,0,0,208,46,0,0,0,0,0,3,35,9,0,0
"Saginaw County, Michigan",892,398,494,398,0,0,0,892,494,0,0,0,0,0,0,0,0,0,0,0,494,892,0,0,0,892,398,0,0,0,0,0,205,0,0,0,0
"St Clair County, Michigan",4606,2041,2560,2030,16,11,0,4606,2560,16,11,0,1,0,0,49,0,14,0,228,2565,4590,5,0,0,4590,2030,5,0,3,2,2,901,271,51,5,0
"St Joseph County, Michigan",7068,3261,3804,3260,4,1,0,7068,3804,4,1,0,2,0,0,0,0,18,0,819,3807,7064,3,0,0,7064,3260,3,0,5,4,4,997,89,0,4,0
"Shiawassee County, Michigan",2103,961,1141,961,1,0,0,2103,1141,1,0,0,0,0,0,7,1,12,0,260,1142,2102,1,0,0,2102,961,1,0,0,2,2,602,66,0,1,0
Unwattin,NA,NA,NA,NA,NA,NA,NA,NA,NA,NA,NA,NA,NA,NA,NA,NA,NA,NA,NA,NA,NA,NA,NA,NA,NA,NA,NA,NA,NA,NA,NA,NA,NA,NA,NA,NA,NA
"Van Buren County, Michigan",1910,871,1038,871,1,0,0,1910,1038,1,0,0,0,0,0,5,0,5,0,516,1039,1909,1,0,0,1909,871,1,0,0,0,0,486,88,0,3,0
"Washtenaw County, Michigan",23571,11110,12420,11081,70,29,0,23571,12420,70,29,0,3,4,0,112,13,117,0,0,12461,23501,41,0,0,23501,11081,41,0,9,6,2,4482,963,0,9,0
"Wayne County, Michigan",24173,11136,12894,11004,275,132,0,24173,12894,275,132,0,1,1,0,20,4,66,1,3097,13037,23898,143,0,0,23898,11004,143,0,6,5,4,3303,370,6,16,40
"Adams County, Mississippi",19434,9253,2909,2001,283,142,7131,5193,2909,283,142,7110,0,6,0,192,1,119,1,269,10181,4910,141,14241,7110,4910,2001,141,7131,2,16,10,7126,451,11,0,311
"Amite County, Mississippi",9511,4564,2000,1741,29,9,2927,3770,2000,29,9,2814,1,3,0,13,0,32,0,199,4947,3741,20,5741,2814,3741,1741,20,2927,7,8,5,3883,81,0,3,149
"Attala County, Mississippi",4303,2046,1583,1372,266,130,538,3221,1583,266,130,544,0,0,0,2,0,9,0,85,2257,2955,136,1082,544,2955,1372,136,538,5,2,2,1391,33,0,0,0
"Bolivar County, Mississippi",1356,607,227,157,1,0,521,385,227,1,0,450,0,0,0,2,0,1,0,14,749,384,1,971,450,384,157,1,521,0,2,2,838,3,0,0,0
"Carroll County, Mississippi",10481,4978,2813,2323,1,0,2689,5137,2813,1,0,2655,3,1,0,27,0,52,1,267,5503,5136,1,5344,2655,5136,2323,1,2689,6,1,0,3997,69,0,0,165
"Chickasaw County, Mississippi",2955,1392,1159,989,1,0,403,2149,1159,1,0,403,0,0,0,0,0,0,0,93,1563,2148,1,806,403,2148,989,1,403,0,0,0,952,0,0,1,0
"Choctaw County, Mississippi",6010,2894,2347,2096,3,0,766,4446,2347,3,0,798,3,0,0,11,0,35,0,303,3116,4443,3,1564,798,4443,2096,3,766,4,1,1,1936,63,0,1,0
"Claiborne County, Mississippi",13078,6245,1839,1393,93,37,4938,3325,1839,93,37,4815,2,0,0,116,0,59,1,183,6833,3232,56,9753,4815,3232,1393,56,4938,4,5,5,5930,238,2,0,71
"Clarke County, Mississippi",2986,1428,1109,967,1,0,448,2077,1109,1,0,461,0,0,0,3,0,15,0,107,1558,2076,1,909,461,2076,967,1,448,4,5,5,934,43,4,1,0
"Coahoma County, Mississippi",1290,541,476,290,0,0,273,766,476,0,0,251,0,0,0,0,0,0,0,69,749,766,0,524,251,766,290,0,273,0,0,0,654,0,0,0,0
"Copiah County, Mississippi",8954,4406,2698,2463,7,1,1844,5168,2698,7,1,1942,0,0,0,16,0,23,0,251,4548,5161,6,3786,1942,5161,2463,6,1844,5,5,5,3203,68,0,2,0
"Covington County, Mississippi",2717,1327,981,880,1,0,408,1862,981,1,0,447,0,0,0,6,0,2,0,76,1390,1861,1,855,447,1861,880,1,408,4,3,3,873,21,0,0,30
"De Soto County, Mississippi",7002,3334,2161,1814,6,2,1503,3981,2161,6,2,1518,0,0,0,10,0,37,0,322,3668,3975,4,3021,1518,3975,1814,4,1503,0,1,1,2292,87,0,0,0
"Franklin County, Mississippi",4775,2313,1137,926,13,7,1319,2076,1137,13,7,1380,2,0,0,0,0,16,0,147,2462,2063,6,2699,1380,2063,926,6,1319,5,4,4,2087,38,0,1,0
"Greene County, Mississippi",1636,788,653,554,0,0,195,1207,653,0,0,234,1,1,0,0,0,0,0,40,848,1207,0,429,234,1207,554,0,195,2,1,0,494,0,0,2,0
"Hancock County, Mississippi",3367,1522,1248,989,74,33,556,2311,1248,74,33,500,0,0,0,29,29,16,0,47,1845,2237,41,1056,500,2237,989,41,556,1,1,1,314,97,10,0,40
"Hinds County, Mississippi",19098,8865,3892,2886,45,21,6317,6823,3892,45,21,5958,2,0,0,0,0,120,1,391,10233,6778,24,12275,5958,6778,2886,24,6317,7,13,13,7231,300,0,1,90
"Holmes County, Mississippi",9452,4425,2170,1682,34,16,2839,3886,2170,34,16,2727,3,1,0,50,0,44,0,301,5027,3852,18,5566,2727,3852,1682,18,2839,9,9,8,4202,195,0,0,5
"Itawamba County, Mississippi",5375,2623,2407,2245,3,0,342,4655,2407,3,0,378,1,0,0,12,0,7,0,124,2752,4652,3,720,378,4652,2245,3,342,10,9,9,1702,72,0,1,0
"Jackson County, Mississippi",1965,904,809,650,82,44,214,1541,809,82,44,210,0,0,0,2,0,0,0,48,1061,1459,38,424,210,1459,650,38,214,0,1,1,403,0,0,0,0
"Jasper County, Mississippi",3958,1844,1483,1218,2,2,631,2703,1483,2,2,624,0,0,0,7,1,24,0,83,2114,2701,0,1255,624,2701,1218,0,631,1,0,0,1413,33,0,0,4
"Jefferson County, Mississippi",11650,5680,1326,1063,85,47,4606,2474,1326,85,47,4570,2,1,0,35,0,46,0,318,5970,2389,38,9176,4570,2389,1063,38,4606,6,7,6,5628,62,0,2,40
"Jones County, Mississippi",1258,600,573,521,0,0,85,1094,573,0,0,79,0,0,0,0,0,0,0,0,658,1094,0,164,79,1094,521,0,85,1,1,1,354,0,0,0,0
"Kemper County, Mississippi",7663,3626,2500,2112,11,6,1532,4623,2500,11,6,1508,2,0,0,8,0,1,0,285,4037,4612,5,3040,1508,4612,2112,5,1532,10,3,3,2384,0,2,4,133
"Lafayette County, Mississippi",6531,3094,2018,1658,13,6,1412,3689,2018,13,6,1430,1,0,0,24,0,32,1,158,3437,3676,7,2842,1430,3676,1658,7,1412,3,3,3,2464,138,5,4,84
"Lauderdale County, Mississippi",5358,2604,2136,1856,13,4,609,4005,2136,13,4,744,0,1,NA,NA,NA,NA,0,0,2754,3992,9,1353,744,3992,1856,9,609,0,1,0,NA,NA,NA,1,0
"Lawrence County, Mississippi",5920,2845,1916,1732,0,0,1159,3648,1916,0,0,1113,3,0,0,0,0,11,0,118,3075,3648,0,2272,1113,3648,1732,0,1159,5,2,2,625,0,0,1,30
"Leake County, Mississippi",2162,1039,863,751,6,0,254,1620,863,6,0,288,4,1,0,0,0,6,0,69,1123,1614,6,542,288,1614,751,6,254,6,3,2,670,10,10,0,0
"Lowndes County, Mississippi",14513,6990,3134,2596,12,7,4384,5742,3134,12,7,4387,0,0,1,47,0,56,1,221,7523,5730,5,8771,4387,5730,2596,5,4384,2,3,3,6503,93,5,0,75
"Madison County, Mississippi",15530,7454,2269,1717,11,5,5801,3997,2269,11,5,5732,2,0,0,63,0,77,1,125,8076,3986,6,11533,5732,3986,1717,6,5801,4,4,4,7513,190,0,2,170
"Marion County, Mississippi",3830,1830,1138,983,0,0,862,2121,1138,0,0,847,0,0,0,9,0,2,0,20,2000,2121,0,1709,847,2121,983,0,862,3,2,2,1246,25,0,1,0
"Marshall County, Mississippi",17526,8420,4937,4321,8,3,4164,9266,4937,8,3,4096,6,2,2,71,0,132,0,583,9106,9258,5,8260,4096,9258,4321,5,4164,10,8,6,5624,275,1,4,292
"Monroe County, Mississippi",9250,4492,2673,2473,21,9,2073,5167,2673,21,9,2010,3,1,0,34,0,45,0,110,4758,5146,12,4083,2010,5146,2473,12,2073,10,11,10,3322,132,2,8,93
"Neshoba County, Mississippi",2437,1192,895,798,0,0,350,1693,895,0,0,394,1,0,0,5,0,4,0,65,1245,1693,0,744,394,1693,798,0,350,6,4,4,872,16,4,2,0
"Newton County, Mississippi",2527,1247,1016,964,1,0,263,1981,1016,1,0,283,1,2,0,0,0,2,0,48,1280,1980,1,546,283,1980,964,1,263,4,5,3,787,0,0,2,0
"Noxubee County, Mississippi",9975,4762,2043,1774,1,1,3170,3818,2043,1,1,2987,0,0,0,7,0,0,0,70,5213,3817,0,6157,2987,3817,1774,0,3170,2,1,1,3640,1,0,3,170
"Oktibbeha County, Mississippi",4276,2073,1126,938,15,6,1068,2079,1126,15,6,1129,0,0,0,13,0,14,0,247,2203,2064,9,2197,1129,2064,938,9,1068,6,5,5,1702,54,0,1,0
"Panola County, Mississippi",4657,2096,1246,991,5,1,1311,2242,1246,5,1,1104,0,4,0,0,0,24,0,92,2561,2237,4,2415,1104,2237,991,4,1311,4,5,1,1646,0,0,2,0
"Perry County, Mississippi",1889,926,742,683,10,7,218,1435,742,10,7,236,0,0,0,0,0,0,0,88,963,1425,3,454,236,1425,683,3,218,2,2,2,357,0,0,0,0
"Pike County, Mississippi",6151,3018,1964,1792,21,12,1160,3777,1964,21,12,1214,2,0,0,5,0,2,0,242,3133,3756,9,2374,1214,3756,1792,9,1160,8,6,6,1970,7,0,0,0
"Pontotoc County, Mississippi",4491,2174,1528,1367,3,1,787,2898,1528,3,1,806,1,2,0,0,0,4,0,86,2317,2895,2,1593,806,2895,1367,2,787,4,6,4,1479,31,0,1,30
"Rankin County, Mississippi",4631,2220,1509,1268,3,0,899,2780,1509,3,0,952,3,0,0,8,0,0,0,0,2411,2777,3,1851,952,2777,1268,3,899,6,2,2,1691,25,0,0,0
"Scott County, Mississippi",1653,794,632,557,2,0,225,1191,632,2,0,237,1,1,0,5,0,4,0,0,859,1189,2,462,237,1189,557,2,225,1,1,0,550,12,0,0,0
"Simpson County, Mississippi",3380,1643,1304,1169,0,0,433,2473,1304,0,0,474,0,1,0,1,0,6,0,0,1737,2473,0,907,474,2473,1169,0,433,4,1,0,1140,32,0,1,0
"Smith County, Mississippi",1961,957,802,740,0,0,202,1542,802,0,0,217,0,0,0,0,0,0,0,79,1004,1542,0,419,217,1542,740,0,202,1,1,1,578,5,0,1,0
"Tallahatchie County, Mississippi",2985,1369,772,620,2,0,842,1394,772,2,0,749,0,0,0,0,0,0,0,48,1616,1392,2,1591,749,1392,620,2,842,4,3,3,1176,0,0,0,0
"Tippah County, Mississippi",9444,4630,3770,3539,1,0,1043,7310,3770,1,0,1091,4,0,0,12,0,30,0,267,4814,7309,1,2134,1091,7309,3539,1,1043,4,0,0,3005,48,0,2,40
"Tishomingo County, Mississippi",6681,3212,3079,2773,1,0,389,5853,3079,1,0,439,2,0,0,0,0,37,0,301,3469,5852,1,828,439,5852,2773,1,389,4,2,2,1223,97,1,2,0
"Tunica County, Mississippi",821,360,331,235,4,2,128,570,331,4,2,123,1,0,0,11,0,13,0,62,461,566,2,251,123,566,235,2,128,2,1,1,121,61,5,0,0
"Warren County, Mississippi",15820,7537,3063,2160,104,54,5170,5327,3063,104,54,5323,0,2,0,289,0,168,0,176,8283,5223,50,10493,5323,5223,2160,50,5170,4,3,1,6310,472,15,0,184
"Washington County, Mississippi",7287,3399,421,233,6,5,3466,660,421,6,5,3161,0,0,0,0,0,4,0,0,3888,654,1,6627,3161,654,233,1,3466,0,0,0,4673,0,0,0,0
"Wayne County, Mississippi",2120,1024,588,553,0,0,508,1141,588,0,0,471,0,0,0,1,0,0,0,0,1096,1141,0,979,471,1141,553,0,508,0,0,0,817,14,0,0,0
"Wilkinson County, Mississippi",14193,7097,1743,1526,30,18,5341,3299,1743,30,18,5553,2,0,4,33,0,31,0,97,7096,3269,12,10894,5553,3269,1526,12,5341,3,3,3,6240,134,0,0,264
"Winston County, Mississippi",4650,2241,1598,1463,0,0,811,3061,1598,0,0,778,3,0,1,0,0,13,0,29,2409,3061,0,1589,778,3061,1463,0,811,4,1,1,1685,2,0,5,18
"Yalobusha County, Mississippi",12248,5715,3666,2974,7,3,2863,6647,3666,7,3,2738,1,0,0,47,0,68,0,558,6533,6640,4,5601,2738,6640,2974,4,2863,7,6,6,4414,195,14,1,65
"Yazoo County, Mississippi",10480,5018,1834,1282,25,10,3613,3141,1834,25,10,3726,1,0,6,77,2,63,0,255,5462,3116,15,7339,3726,3116,1282,15,3613,7,5,5,5540,128,9,0,0
"Audrain County, Missouri",1949,941,919,833,2,2,89,1754,919,2,2,106,1,2,0,3,0,2,0,45,1008,1752,0,195,106,1752,833,0,89,3,2,0,521,28,0,0,0
"Barry County, Missouri",4795,2240,2424,2094,8,3,126,4526,2424,8,3,143,0,0,0,3,0,5,0,278,2555,4518,5,269,143,4518,2094,5,126,4,4,4,1212,25,0,4,0
"Benton County, Missouri",4205,1971,2092,1852,0,0,142,3944,2092,0,0,119,0,0,0,0,0,12,0,30,2234,3944,0,261,119,3944,1852,0,142,0,0,0,1368,44,0,0,0
"Boone County, Missouri",13561,6537,5504,5025,24,10,1506,10553,5504,24,10,1502,5,2,15,108,0,42,1,1033,7024,10529,14,3008,1502,10529,5025,14,1506,13,11,9,3976,529,9,13,114
"Buchanan County, Missouri",6237,2941,3178,2826,6,0,112,6010,3178,6,0,115,4,0,NA,NA,NA,NA,0,427,3296,6004,6,227,115,6004,2826,6,112,13,4,4,NA,NA,NA,1,0
"Caldwell County, Missouri",1458,665,770,627,0,0,23,1397,770,0,0,38,1,1,0,0,0,0,0,0,793,1397,0,61,38,1397,627,0,23,2,1,0,404,0,0,0,0
"Callaway County, Missouri",11765,5749,4490,4111,22,9,1513,8623,4490,22,9,1629,7,1,7,23,0,1,0,964,6016,8601,13,3142,1629,8601,4111,13,1513,15,8,7,2883,283,3,9,61
"Cape Girardeau County, Missouri",9359,4559,4125,3895,14,3,664,8034,4125,14,3,661,4,0,0,52,3,55,0,175,4800,8020,11,1325,661,8020,3895,11,664,6,0,0,2579,259,1,5,40
"Carroll County, Missouri",2423,1117,1154,1001,0,0,152,2155,1154,0,0,116,3,0,0,11,0,10,0,26,1306,2155,0,268,116,2155,1001,0,152,5,3,3,683,47,0,1,0
"Chariton County, Missouri",4746,2259,1993,1716,20,10,484,3729,1993,20,10,533,0,2,0,33,0,24,0,123,2487,3709,10,1017,533,3709,1716,10,484,3,3,1,1954,400,5,1,130
"Clark County, Missouri",2846,1326,1305,1118,3,1,213,2426,1305,3,1,207,0,1,0,13,1,14,0,133,1520,2423,2,420,207,2423,1118,2,213,1,3,2,817,93,0,0,25
"Clay County, Missouri",8282,3945,3382,2991,34,17,938,6407,3382,34,17,937,2,1,0,57,0,23,0,338,4337,6373,17,1875,937,6373,2991,17,938,9,7,6,2900,192,1,5,58
"Clinton County, Missouri",2724,1304,1331,1199,3,2,88,2533,1331,3,2,103,0,0,0,14,0,10,0,128,1420,2530,1,191,103,2530,1199,1,88,3,2,2,899,28,0,0,0
"Cole County, Missouri",9286,4357,4311,3762,34,6,590,8107,4311,34,6,589,7,3,34,55,0,52,0,314,4929,8073,28,1179,589,8073,3762,28,590,13,7,4,2498,377,12,5,74
"Cooper County, Missouri",10484,4980,4431,3881,15,8,1066,8327,4431,15,8,1091,0,2,0,95,0,50,0,811,5504,8312,7,2157,1091,8312,3881,7,1066,4,6,4,2620,421,2,4,142
"Crawford County, Missouri",3561,1704,1766,1611,0,0,91,3377,1766,0,0,93,0,0,0,1,2,8,0,116,1857,3377,0,184,93,3377,1611,0,91,5,1,1,864,73,0,5,0
"Daviess County, Missouri",2736,1286,1393,1207,2,1,56,2602,1393,2,1,78,2,0,NA,NA,NA,NA,0,91,1450,2600,1,134,78,2600,1207,1,56,7,5,5,NA,NA,NA,0,0
"Franklin County, Missouri",7515,3535,3443,3004,14,5,528,6461,3443,14,5,526,1,0,93,34,0,47,0,454,3980,6447,9,1054,526,6447,3004,9,528,8,6,6,2106,204,10,3,50
"Gasconade County, Missouri",5330,2505,2666,2321,1,0,158,4988,2666,1,0,184,0,0,0,44,2,22,0,0,2825,4987,1,342,184,4987,2321,1,158,2,3,3,1354,154,10,1,0
"Greene County, Missouri",5372,2551,2490,2203,2,1,330,4695,2490,2,1,347,6,0,0,10,0,10,0,233,2821,4693,1,677,347,4693,2203,1,330,10,4,4,1318,51,0,2,0
"Howard County, Missouri",13108,6242,4998,4383,44,21,1845,9425,4998,44,21,1838,0,0,0,69,9,72,0,657,6866,9381,23,3683,1838,9381,4383,23,1845,0,0,0,3193,363,1,3,22
"Jackson County, Missouri",7612,3616,3307,2938,6,3,686,6251,3307,6,3,675,3,1,0,63,0,20,0,613,3996,6245,3,1361,675,6245,2938,3,686,8,4,3,1703,147,9,1,0
"Jefferson County, Missouri",4296,2024,2078,1882,12,6,188,3972,2078,12,6,136,4,3,46,0,0,2,0,88,2272,3960,6,324,136,3960,1882,6,188,12,5,2,906,3,0,1,0
"Johnson County, Missouri",4471,2163,2056,1855,4,1,249,3915,2056,4,1,307,0,0,0,18,0,15,0,286,2308,3911,3,556,307,3911,1855,3,249,8,7,7,1340,76,0,1,0
"Lafayette County, Missouri",6815,3239,2586,2213,26,13,977,4825,2586,26,13,1013,1,0,3,114,3,37,0,254,3576,4799,13,1990,1013,4799,2213,13,977,3,1,1,1393,243,0,0,0
"Lewis County, Missouri",6040,2900,2629,2337,9,2,504,4975,2629,9,2,561,0,1,0,28,15,38,0,368,3140,4966,7,1065,561,4966,2337,7,504,3,4,3,1637,142,0,0,0
"Lincoln County, Missouri",7449,3618,3056,2817,4,1,772,5877,3056,4,1,800,8,0,0,22,0,21,0,277,3831,5873,3,1572,800,5873,2817,3,772,12,6,6,1812,109,0,7,72
"Linn County, Missouri",2245,1039,1125,977,0,0,81,2102,1125,0,0,62,0,0,NA,NA,NA,NA,0,0,1206,2102,0,143,62,2102,977,0,81,0,0,0,NA,NA,NA,0,0
"Livingston County, Missouri",4325,2050,2160,1922,2,2,115,4084,2160,2,2,126,0,0,NA,NA,NA,NA,0,90,2275,4082,0,241,126,4082,1922,0,115,6,3,3,NA,NA,NA,0,0
"Macon County, Missouri",6034,2845,3075,2733,1,0,113,5809,3075,1,0,112,3,3,0,0,0,4,0,180,3189,5808,1,225,112,5808,2733,1,113,8,10,7,1722,79,0,4,0
"Madison County, Missouri",3395,1601,1462,1300,22,9,319,2784,1462,22,9,292,2,2,86,0,0,0,0,244,1794,2762,13,611,292,2762,1300,13,319,3,4,2,507,337,0,3,0
"Marion County, Missouri",9623,4574,3907,3332,42,14,1114,7281,3907,42,14,1228,7,0,0,66,0,126,1,648,5049,7239,28,2342,1228,7239,3332,28,1114,9,5,5,2248,600,1,3,0
"Miller County, Missouri",2282,1087,1135,1035,1,1,60,2171,1135,1,1,51,0,0,0,0,0,1,0,65,1195,2170,0,111,51,2170,1035,0,60,1,1,1,681,3,0,1,0
"Monroe County, Missouri",9505,4591,4116,3697,5,1,794,7818,4116,5,1,893,3,3,0,41,0,46,0,479,4914,7813,4,1687,893,7813,3697,4,794,18,15,12,2472,261,1,2,125
"Montgomery County, Missouri",4371,2144,1798,1726,20,7,416,3544,1798,20,7,411,4,1,0,16,2,11,0,74,2227,3524,13,827,411,3524,1726,13,416,4,1,0,1280,39,0,2,28
"Morgan County, Missouri",4407,2106,2055,1836,4,0,242,3895,2055,4,0,270,0,0,0,10,0,7,0,141,2301,3891,4,512,270,3891,1836,4,242,4,4,4,1233,78,0,1,30
"New Madrid County, Missouri",4554,2135,2011,1737,5,3,406,3753,2011,5,3,395,1,1,0,11,0,14,0,99,2419,3748,2,801,395,3748,1737,2,406,3,1,0,1196,51,13,0,55
"Newton County, Missouri",3790,1696,2017,1599,5,1,73,3621,2017,5,1,96,2,0,0,23,0,14,0,114,2094,3616,4,169,96,3616,1599,4,73,2,0,0,1303,59,0,0,0
"Perry County, Missouri",5760,2722,2658,2310,14,9,375,4982,2658,14,9,403,0,0,0,20,0,23,1,169,3038,4968,5,778,403,4968,2310,5,375,2,3,3,1626,114,1,0,0
"Pettis County, Missouri",2930,1429,1236,1141,1,0,264,2378,1236,1,0,288,1,0,0,7,0,9,0,0,1501,2377,1,552,288,2377,1141,1,264,2,1,1,648,54,0,2,0
"Pike County, Missouri",10646,5177,4268,3889,17,11,1195,8174,4268,17,11,1277,1,2,11,56,0,52,0,1048,5469,8157,6,2472,1277,8157,3889,6,1195,13,11,9,3220,265,7,4,0
"Platte County, Missouri",8913,4259,4245,3804,6,2,405,8055,4245,6,2,453,1,0,0,56,0,37,0,0,4654,8049,4,858,453,8049,3804,4,405,3,1,1,2207,195,0,3,0
"Polk County, Missouri",8449,4054,4188,3790,9,5,203,7987,4188,9,5,259,10,1,0,15,0,8,0,93,4395,7978,4,462,259,7978,3790,4,203,20,7,6,2478,51,0,2,0
"Pulaski County, Missouri",6529,3062,3378,2960,1,1,89,6339,3378,1,1,101,2,1,2,24,0,18,0,116,3467,6338,0,190,101,6338,2960,0,89,9,5,4,2065,111,23,0,0
"Ralls County, Missouri",5670,2714,2336,2114,11,3,612,4461,2336,11,3,597,0,4,0,23,0,17,0,243,2956,4450,8,1209,597,4450,2114,8,612,7,10,6,1311,118,1,4,38
"Randolph County, Missouri",7198,3464,3047,2702,12,7,682,5761,3047,12,7,755,2,0,3,16,0,18,0,655,3734,5749,5,1437,755,5749,2702,5,682,9,7,7,2211,196,0,0,0
"Ray County, Missouri",6553,3127,2996,2718,5,1,426,5719,2996,5,1,408,0,1,0,36,0,13,0,206,3426,5714,4,834,408,5714,2718,4,426,4,3,2,1846,94,0,2,0
"Ripley County, Missouri",2856,1378,1441,1336,2,0,35,2779,1441,2,0,42,1,1,2,1,0,0,0,60,1478,2777,2,77,42,2777,1336,2,35,1,1,0,777,35,0,0,0
"Rives County, Missouri",4726,2226,2176,1910,4,1,321,4090,2176,4,1,315,0,0,0,28,0,10,0,299,2500,4086,3,636,315,4086,1910,3,321,2,1,1,1275,18,0,1,0
"St Charles County, Missouri",7911,3724,3378,2908,28,17,798,6314,3378,28,17,799,2,1,1,44,0,39,1,321,4187,6286,11,1597,799,6286,2908,11,798,14,12,11,1488,320,20,0,57
"Ste Genevieve County, Missouri",3148,1454,1384,1179,37,18,291,2600,1384,37,18,257,0,0,0,34,0,0,0,92,1694,2563,19,548,257,2563,1179,19,291,2,2,2,499,84,0,1,60
"St Francois County, Missouri",3211,1522,1407,1287,16,11,277,2710,1407,16,11,224,0,1,79,12,0,23,0,286,1689,2694,5,501,224,2694,1287,5,277,3,3,2,1041,83,0,1,0
"St Louis County, Missouri",35979,15127,18080,12425,858,384,2298,31363,18080,858,384,2318,13,17,50,1011,2,267,2,1056,20852,30505,474,4616,2318,30505,12425,474,2298,50,29,12,3996,3034,1747,1,662
"Saline County, Missouri",5258,2524,1928,1707,8,4,802,3643,1928,8,4,813,0,0,0,14,0,16,0,303,2734,3635,4,1615,813,3635,1707,4,802,9,9,9,1247,117,0,2,0
"Scott County, Missouri",5974,2762,2755,2273,18,10,449,5046,2755,18,10,479,1,0,0,26,0,33,0,134,3212,5028,8,928,479,5028,2273,8,449,2,2,2,1535,100,5,1,0
"Shelby County, Missouri",3056,1447,1357,1230,11,4,245,2598,1357,11,4,213,1,0,0,0,0,0,0,256,1609,2587,7,458,213,2587,1230,7,245,1,0,0,840,0,0,1,0
"Stoddard County, Missouri",3153,1510,1605,1476,1,0,37,3082,1605,1,0,34,2,0,0,0,0,0,0,80,1643,3081,1,71,34,3081,1476,1,37,6,3,3,861,0,1,1,0
"Taney County, Missouri",3264,1523,1713,1499,12,6,22,3224,1713,12,6,18,1,0,51,0,0,6,0,0,1741,3212,6,40,18,3212,1499,6,22,2,1,1,975,5,0,0,0
"Van Buren County, Missouri",4693,2197,2370,2078,31,11,106,4479,2370,31,11,108,4,1,0,13,0,25,0,298,2496,4448,20,214,108,4448,2078,20,106,11,6,5,1423,72,0,1,0
"Unattached, Missouri",NA,NA,NA,NA,NA,NA,NA,NA,NA,NA,NA,NA,NA,NA,NA,NA,NA,NA,NA,NA,NA,NA,NA,NA,NA,NA,NA,NA,NA,NA,NA,NA,NA,NA,NA,NA,NA
"Warren County, Missouri",4253,2033,1876,1679,2,0,342,3557,1876,2,0,354,0,0,0,18,0,10,0,104,2220,3555,2,696,354,3555,1679,2,342,0,0,0,1192,81,2,2,0
"Washington County, Missouri",7213,3377,3314,2934,42,19,499,6290,3314,42,19,424,0,0,258,31,0,19,0,339,3836,6248,23,923,424,6248,2934,23,499,2,0,0,1058,122,0,5,83
"Wayne County, Missouri",3403,1653,1596,1473,12,4,146,3081,1596,12,4,176,3,0,1,0,0,11,0,234,1750,3069,8,322,176,3069,1473,8,146,6,2,2,1007,33,0,0,0
"Cheshire County, New Hampshire",26429,13288,13116,13273,40,15,0,26429,13116,40,15,0,21,19,0,152,5,129,0,5796,13141,26389,25,0,0,26389,13273,25,0,107,63,44,6552,1618,26,186,610
"Coos County, New Hampshire",9849,4845,5002,4844,3,1,0,9849,5002,3,1,0,4,7,0,32,0,37,0,3104,5004,9846,2,0,0,9846,4844,2,0,16,14,7,6926,277,0,45,128
"Grafton County, New Hampshire",42311,20853,21446,20834,31,19,0,42311,21446,31,19,0,29,41,13,205,10,561,1,14047,21458,42280,12,0,0,42280,20834,12,0,152,109,68,23434,2504,50,261,476
"Hillsborough County, New Hampshire",42494,22395,20055,22343,95,51,0,42493,20055,95,51,1,28,22,0,407,2,161,0,12798,20099,42398,44,1,1,42398,22343,44,0,93,48,26,9354,3535,52,183,761
"Merrimack County, New Hampshire",36253,18495,17698,18449,106,46,0,36253,17698,106,46,0,28,19,0,133,31,168,0,10380,17758,36147,60,0,0,36147,18449,60,0,105,62,43,8446,1986,32,175,1094
"Rockingham County, New Hampshire",45771,23594,22098,23474,199,120,0,45771,22098,199,120,0,22,45,0,162,350,262,0,10618,22177,45572,79,0,0,45572,23474,79,0,139,97,52,6008,2544,17,166,1015
"Strafford County, New Hampshire",61127,31663,29454,31641,32,22,0,61127,29454,32,22,0,47,33,0,283,53,233,1,19836,29464,61095,10,0,0,61095,31641,10,0,188,100,67,12513,4452,18,286,1339
"Sullivan County, New Hampshire",20340,10189,10135,10174,31,15,0,20340,10135,31,15,0,2,5,0,5,1,89,0,7053,10151,20309,16,0,0,20309,10174,16,0,20,12,7,4716,910,3,106,376
"Atlantic County, New Jersey",8726,4188,4418,4074,234,114,0,8726,4418,234,114,0,1,0,0,39,326,7,0,2520,4538,8492,120,0,0,8492,4074,120,0,3,0,0,1799,345,0,8,0
"Bergen County, New Jersey",13223,6353,5909,5563,1529,686,118,13001,5909,1529,686,104,1,1,21,57,26,53,0,1388,6870,11472,843,222,104,11472,5563,843,118,23,20,19,2489,974,52,34,25
"Burlington County, New Jersey",32831,16569,15434,15753,1643,815,0,32830,15434,1643,815,1,14,29,1,236,121,135,0,5139,16262,31187,828,1,1,31187,15753,828,0,61,43,14,4592,2056,147,2,135
"Cape May County, New Jersey",5324,2646,2586,2540,198,106,0,5324,2586,198,106,0,1,1,0,0,178,14,0,992,2678,5126,92,0,0,5126,2540,92,0,3,1,0,859,179,32,0,0
"Cumberland County, New Jersey",14374,7103,6796,6682,896,421,0,14374,6796,896,421,0,9,11,0,77,41,52,0,2912,7271,13478,475,0,0,13478,6682,475,0,40,20,9,2249,905,318,18,396
"Essex County, New Jersey",44621,22877,20832,21861,1908,1009,13,44601,20832,1908,1009,7,23,15,18,364,27,256,0,4655,21744,42693,899,20,7,42693,21861,899,13,57,36,21,3193,5721,91,81,680
"Gloucester County, New Jersey",25438,12451,12151,11656,1631,795,0,25438,12151,1631,795,0,10,18,0,138,17,99,0,4256,12987,23807,836,0,0,23807,11656,836,0,43,28,10,4839,1877,195,10,395
"Hudson County, New Jersey",9483,4564,4718,4435,319,122,4,9472,4718,319,122,7,1,0,0,44,13,112,0,1136,4919,9153,197,11,7,9153,4435,197,4,2,0,0,818,1082,44,0,0
"Hunterdon County, New Jersey",24789,12393,11991,11985,778,389,16,24754,11991,778,389,19,24,19,0,173,1,77,0,2587,12396,23976,389,35,19,23976,11985,389,16,78,54,35,5232,1480,20,35,0
"Mercer County, New Jersey",21502,10689,9691,9470,2319,1207,10,21480,9691,2319,1207,12,10,6,0,200,6,182,2,1472,10813,19161,1112,22,12,19161,9470,1112,10,28,23,17,2005,2069,59,37,279
"Middlesex County, New Jersey",21893,11216,9952,10378,1535,820,10,21865,9952,1535,820,18,8,2,1,206,10,77,0,2340,10677,20330,715,28,18,20330,10378,715,10,23,15,13,2759,1348,160,46,113
"Monmouth County, New Jersey",32909,16053,15716,14928,2180,1072,32,32824,15716,2180,1072,53,19,29,0,116,310,86,0,4995,16856,30644,1108,85,53,30644,14928,1108,32,76,58,29,5455,1701,200,66,111
"Morris County, New Jersey",25844,12736,12606,12290,911,426,17,25807,12606,911,426,20,6,1,97,121,3,119,0,4343,13108,24896,485,37,20,24896,12290,485,17,23,19,18,3223,1221,54,52,456
"Passaic County, New Jersey",16734,8394,7931,8011,706,329,32,16648,7931,706,329,54,13,0,15,109,22,82,0,1987,8340,15942,377,86,54,15942,8011,377,32,34,14,14,1143,1877,14,22,138
"Salem County, New Jersey",16024,7806,7251,6976,1796,829,0,16023,7251,1796,829,1,9,10,3,91,23,52,0,1646,8218,14227,967,1,1,14227,6976,967,0,35,17,7,4097,832,96,10,71
"Somerset County, New Jersey",17455,8620,7877,7821,1652,737,43,17350,7877,1652,737,62,5,9,56,152,15,106,1,1313,8835,15698,915,105,62,15698,7821,915,43,41,27,18,3330,1003,0,31,56
"Sussex County, New Jersey",21770,10657,10929,10474,354,174,4,21757,10929,354,174,9,3,9,37,88,0,56,0,3369,11113,21403,180,13,9,21403,10474,180,4,45,37,28,4188,1116,40,14,172
"Warren County, New Jersey",20366,9853,10267,9636,455,213,4,20358,10267,455,213,4,7,11,17,72,4,62,0,5533,10513,19903,242,8,4,19903,9636,242,4,44,30,19,4431,1218,103,6,0
"Albany County, New York",68593,34240,33758,33521,1314,719,0,68593,33758,1314,719,0,9,1,0,421,35,366,0,9319,34353,67279,595,0,0,67279,33521,595,0,38,17,16,8275,3791,305,69,469
"Allegany County, New York",40975,19590,21318,19515,142,75,0,40975,21318,142,75,0,7,10,48,104,2,196,0,9157,21385,40833,67,0,0,40833,19515,67,0,36,20,10,10042,2789,6,52,47
"Broome County, New York",22338,10913,11316,10799,223,114,0,22338,11316,223,114,0,13,9,0,121,3,91,0,6620,11425,22115,109,0,0,22115,10799,109,0,33,15,6,3243,750,30,41,165
"Cattaraugus County, New York",28872,13918,14937,13897,38,21,0,28872,14937,38,21,0,18,8,0,86,5,101,0,7722,14954,28834,17,0,0,28834,13897,17,0,55,31,23,5068,832,17,62,140
"Cayuga County, New York",50338,24618,25482,24421,435,197,0,50338,25482,435,197,0,18,11,25,478,40,302,1,16243,25720,49903,238,0,0,49903,24421,238,0,94,57,46,10995,2942,153,117,601
"Chautauqua County, New York",47975,23573,24345,23506,124,67,0,47975,24345,124,67,0,16,8,22,344,20,341,0,14487,24402,47851,57,0,0,47851,23506,57,0,77,51,43,12195,2088,84,123,808
"Chemung County, New York",20732,10100,10564,10055,113,45,0,20732,10564,113,45,0,1,1,0,153,1,102,0,4837,10632,20619,68,0,0,20619,10055,68,0,17,13,12,3809,1251,112,35,130
"Chenango County, New York",40785,20331,20314,20198,273,133,0,40785,20314,273,133,0,2,19,0,458,1,489,0,12816,20454,40512,140,0,0,40512,20198,140,0,56,50,31,20545,3644,61,103,733
"Clinton County, New York",28157,13723,14386,13685,86,38,0,28157,14386,86,38,0,12,0,77,190,9,88,0,2957,14434,28071,48,0,0,28071,13685,48,0,22,4,4,4602,1235,42,69,151
"Columbia County, New York",43252,21259,21254,20442,1556,817,0,43252,21254,1556,817,0,17,20,16,576,58,225,0,10074,21993,41696,739,0,0,41696,20442,739,0,130,106,86,7224,2347,168,85,709
"Cortland County, New York",24607,12201,12385,12176,46,25,0,24607,12385,46,25,0,3,6,0,51,2,103,0,7930,12406,24561,21,0,0,24561,12176,21,0,36,27,21,6031,1237,2,79,370
"Delaware County, New York",35396,17520,17776,17430,190,90,0,35396,17776,190,90,0,15,14,0,173,0,148,0,10651,17876,35206,100,0,0,35206,17430,100,0,87,50,36,7434,1415,0,93,433
"Dutchess County, New York",52398,26021,25265,24863,2270,1158,0,52398,25265,2270,1158,0,7,29,56,540,33,268,0,4498,26377,50128,1112,0,0,50128,24863,1112,0,59,57,28,16034,4801,136,54,621
"Erie County, New York",62465,29964,32173,29684,608,280,0,62465,32173,608,280,0,16,7,0,893,11,376,0,11432,32501,61857,328,0,0,61857,29684,328,0,73,45,38,11022,3622,415,53,156
"Essex County, New York",23634,11476,12111,11445,78,31,0,23634,12111,78,31,0,10,3,13,136,10,132,0,5636,12158,23556,47,0,0,23556,11445,47,0,49,34,31,5224,1789,137,83,395
"Franklin County, New York",16518,8126,8390,8125,3,1,0,16518,8390,3,1,0,5,7,3,64,1,53,0,4749,8392,16515,2,0,0,16515,8125,2,0,19,11,4,3216,515,0,21,0
"Fulton County, New York",18049,9120,8871,9064,114,56,0,18049,8871,114,56,0,10,1,0,99,6,89,0,4059,8929,17935,58,0,0,17935,9064,58,0,42,18,17,8037,1281,19,93,235
"Genesee County, New York",59587,29508,30015,29457,115,51,0,59587,30015,115,51,0,31,13,0,252,4,259,0,14911,30079,59472,64,0,0,59472,29457,64,0,89,44,31,11412,2375,3,134,1262
"Greene County, New York",30446,14928,15072,14481,893,447,0,30446,15072,893,447,0,13,9,0,3,22,145,0,3227,15518,29553,446,0,0,29553,14481,446,0,45,29,20,6071,2236,177,49,97
"Hamilton County, New York",1907,855,1051,853,3,2,0,1907,1051,3,2,0,2,0,0,2,0,0,0,579,1052,1904,1,0,0,1904,853,1,0,2,0,0,510,72,0,6,0
"Herkimer County, New York",37477,18084,19250,17940,287,144,0,37477,19250,287,144,0,44,12,0,353,7,233,1,8522,19393,37190,143,0,0,37190,17940,143,0,155,79,67,12596,2866,213,119,280
"Jefferson County, New York",60984,29638,31276,29567,141,71,0,60984,31276,141,71,0,21,15,105,467,17,200,1,11548,31346,60843,70,0,0,60843,29567,70,0,80,52,37,12976,2451,161,106,125
"Kings County, New York",47613,24328,21917,22850,2843,1475,0,47610,21917,2843,1475,3,7,19,2,1770,995,375,0,5280,23285,44767,1368,3,3,44767,22850,1368,0,50,35,16,3234,6160,448,17,1398
"Lewis County, New York",17830,8631,9174,8603,53,28,0,17830,9174,53,28,0,9,3,12,102,2,74,0,5259,9199,17777,25,0,0,17777,8603,25,0,60,32,29,4704,937,0,38,120
"Livingston County, New York",35140,16688,18389,16611,140,77,0,35140,18389,140,77,0,11,6,13,137,0,221,0,8708,18452,35000,63,0,0,35000,16611,63,0,89,45,39,7859,2408,3,52,782
"Madison County, New York",40008,19690,20201,19584,223,106,0,40008,20201,223,106,0,16,14,0,158,11,229,0,12277,20318,39785,117,0,0,39785,19584,117,0,88,56,42,9631,2382,77,127,968
"Monroe County, New York",64902,31353,33208,31039,655,314,0,64902,33208,655,314,0,26,22,4,745,49,367,0,17056,33549,64247,341,0,0,64247,31039,341,0,118,46,24,10041,5164,404,78,1466
"Montgomery County, New York",35818,16675,18880,16350,588,325,0,35818,18880,588,325,0,25,3,10,411,6,173,0,5555,19143,35230,263,0,0,35230,16350,263,0,46,34,31,6216,3948,309,88,396
"New York County, New York",312710,163056,142731,153621,16358,9435,0,312710,142731,16358,9435,0,239,125,63,11365,2786,2929,4,23177,149654,296352,6923,0,0,296352,153621,6923,0,566,201,76,2773,43390,716,53,7207
"Niagara County, New York",31132,14885,16104,14787,241,98,0,31132,16104,241,98,0,13,6,0,289,3,189,0,7988,16247,30891,143,0,0,30891,14787,143,0,34,19,13,10016,1657,75,27,506
"Oneida County, New York",85310,42057,42930,41736,644,321,0,85310,42930,644,321,0,26,17,0,675,51,490,2,20166,43253,84666,323,0,0,84666,41736,323,0,192,121,104,16297,6229,506,230,2035
"Onondaga County, New York",67911,32778,34904,32530,477,248,0,67911,34904,477,248,0,19,25,0,681,14,349,0,17870,35133,67434,229,0,0,67434,32530,229,0,120,72,47,11741,4930,514,119,1532
"Ontario County, New York",43501,21314,21872,20965,664,349,0,43501,21872,664,349,0,16,11,0,438,17,366,1,12427,22187,42837,315,0,0,42837,20965,315,0,83,46,35,10137,2507,78,108,1372
"Orange County, New York",50739,24890,24725,23722,2292,1168,0,50739,24725,2292,1168,0,17,32,14,167,5,233,0,8727,25849,48447,1124,0,0,48447,23722,1124,0,83,54,22,17883,3363,157,86,1409
"Orleans County, New York",25127,12167,12923,12135,69,32,0,25127,12923,69,32,0,10,12,0,238,16,122,0,8247,12960,25058,37,0,0,25058,12135,37,0,36,26,14,6835,1046,43,32,750
"Oswego County, New York",43619,21075,22439,20965,215,110,0,43619,22439,215,110,0,20,2,0,87,11,109,0,12193,22544,43404,105,0,0,43404,20965,105,0,35,8,6,8605,1831,280,68,468
"Otsego County, New York",49628,24956,24560,24846,222,110,0,49628,24560,222,110,0,34,32,0,228,5,212,0,13292,24672,49406,112,0,0,49406,24846,112,0,126,77,45,12736,3053,0,184,385
"Putnam County, New York",12825,6219,6513,6144,167,74,0,12824,6513,167,74,1,0,3,0,100,2,48,0,2935,6606,12657,93,1,1,12657,6144,93,0,17,16,13,3128,916,37,19,0
"Queens County, New York",30324,14744,13825,12990,3509,1754,0,30324,13825,3509,1754,0,10,15,0,263,88,143,1,3670,15580,26815,1755,0,0,26815,12990,1755,0,48,32,17,6138,1612,114,3,429
"Rensselaer County, New York",60259,30024,29627,29442,1190,582,0,60259,29627,1190,582,0,15,13,0,1093,17,352,0,11512,30235,59069,608,0,0,59069,29442,608,0,64,40,27,7840,4787,254,88,546
"Richmond County, New York",10965,5468,5247,5235,483,233,0,10965,5247,483,233,0,1,0,30,346,210,90,0,604,5497,10482,250,0,0,10482,5235,250,0,9,1,1,844,786,441,4,25
"Rockland County, New York",11975,5556,6192,5351,432,205,0,11975,6192,432,205,0,15,0,757,100,5,64,0,1099,6419,11543,227,0,0,11543,5351,227,0,19,4,4,2545,1154,165,40,0
"St. Lawrence County, New York",56706,27762,28925,27746,35,16,0,56706,28925,35,16,0,23,14,88,238,15,193,0,13539,28944,56671,19,0,0,56671,27746,19,0,82,48,34,12190,2141,95,117,761
"Saratoga County, New York",40553,20045,20202,19702,649,343,0,40553,20202,649,343,0,19,20,21,249,38,217,0,6319,20508,39904,306,0,0,39904,19702,306,0,83,52,32,10075,2638,156,111,527
"Schenectady County, New York",17387,8433,8763,8214,410,219,0,17387,8763,410,219,0,6,0,3,223,14,417,1,1972,8954,16977,191,0,0,16977,8214,191,0,13,8,8,3337,1280,62,47,83
"Schoharie County, New York",32358,16103,16002,15863,493,240,0,32358,16002,493,240,0,11,3,0,0,0,94,0,9294,16255,31865,253,0,0,31865,15863,253,0,37,21,18,5516,809,1,65,306
"Seneca County, New York",24874,12165,12609,12066,199,99,0,24874,12609,199,99,0,6,9,0,149,2,94,0,4360,12709,24675,100,0,0,24675,12066,100,0,24,18,9,4808,1224,147,21,215
"Steuben County, New York",46138,22299,23694,22156,288,143,0,46138,23694,288,143,0,18,12,0,160,12,189,0,15318,23839,45850,145,0,0,45850,22156,145,0,52,26,14,11773,2203,107,100,384
"Suffolk County, New York",32469,15919,15395,14897,2177,1022,0,32469,15395,2177,1022,0,15,13,8,376,621,208,0,7872,16550,30292,1155,0,0,30292,14897,1155,0,52,38,25,7959,1727,1115,30,338
"Sullivan County, New York",15629,7421,8168,7381,80,40,0,15629,8168,80,40,0,3,8,19,93,1,80,0,3894,8208,15549,40,0,0,15549,7381,40,0,29,19,11,3851,1110,186,45,36
"Tioga County, New York",20527,9952,10483,9882,162,70,0,20527,10483,162,70,0,11,4,0,177,5,103,0,6814,10575,20365,92,0,0,20365,9882,92,0,55,32,28,5774,1139,5,56,268
"Tompkins County, New York",37948,18818,18996,18699,253,119,0,37948,18996,253,119,0,9,6,0,203,3,136,0,12678,19130,37695,134,0,0,37695,18699,134,0,40,38,32,6560,1731,102,64,337
"Ulster County, New York",45822,22377,22591,21427,1804,950,0,45822,22591,1804,950,0,13,8,4,343,50,138,0,8880,23445,44018,854,0,0,44018,21427,854,0,51,32,24,7774,3220,510,53,35
"Warren County, New York",13422,6543,6861,6529,32,14,0,13422,6861,32,14,0,3,1,1,86,24,51,0,4119,6879,13390,18,0,0,13390,6529,18,0,6,4,3,1592,436,33,40,44
"Washington County, New York",41080,20236,20706,20102,272,134,0,41080,20706,272,134,0,9,22,2,330,41,172,0,7526,20844,40808,138,0,0,40808,20102,138,0,83,70,48,9684,1785,241,85,482
"Wayne County, New York",42057,20517,21424,20411,222,106,0,42057,21424,222,106,0,36,4,2,160,7,192,0,9637,21540,41835,116,0,0,41835,20411,116,0,119,61,57,7563,2203,185,54,475
"Westchester County, New York",48686,22865,24533,21853,2300,1012,0,48686,24533,2300,1012,0,29,45,480,200,93,294,0,3922,25821,46386,1288,0,0,46386,21853,1288,0,127,83,38,8297,3583,254,74,703
"Yates County, New York",20444,10040,10335,9975,134,65,0,20444,10335,134,65,0,9,7,0,124,5,91,0,6207,10404,20310,69,0,0,20310,9975,69,0,30,15,8,3437,1375,76,20,0
"Anson County, North Carolina",15077,7525,4855,4778,140,68,2625,9773,4855,140,68,2679,12,8,4,33,3,23,0,0,7552,9633,72,5304,2679,9633,4778,72,2625,41,29,21,5190,172,0,16,150
"Ashe County, North Carolina",7467,3661,3520,3391,59,27,254,6970,3520,59,27,243,0,0,0,7,0,24,0,58,3806,6911,32,497,243,6911,3391,32,254,1,3,3,2158,59,0,3,0
"Beaufort County, North Carolina",12225,6035,3491,3559,703,356,2352,7753,3491,703,356,2120,6,4,0,69,69,24,0,45,6190,7050,347,4472,2120,7050,3559,347,2352,18,13,9,2359,1150,20,2,0
"Bertie County, North Carolina",12175,6190,2461,2683,303,148,3369,5447,2461,303,148,3359,7,3,0,33,0,1,0,224,5985,5144,155,6728,3359,5144,2683,155,3369,18,13,10,5157,366,8,3,0
"Bladen County, North Carolina",8022,4033,2127,2190,292,155,1725,4609,2127,292,155,1688,1,3,0,245,0,7,0,384,3989,4317,137,3413,1688,4317,2190,137,1725,16,15,12,2696,75,6,12,11
"Brunswick County, North Carolina",5265,2636,1389,1383,374,194,1060,3146,1389,374,194,1059,1,9,0,1,0,0,0,106,2629,2772,180,2119,1059,2772,1383,180,1060,11,10,1,513,2,0,2,0
"Buncombe County, North Carolina",10084,4919,4534,4264,87,47,591,8885,4534,87,47,608,5,2,0,0,0,19,0,10,5165,8798,40,1199,608,8798,4264,40,591,17,9,7,2926,115,0,9,15
"Burke County, North Carolina",15799,7944,6129,6190,264,131,1593,12583,6129,264,131,1623,4,4,301,32,0,24,0,204,7855,12319,133,3216,1623,12319,6190,133,1593,49,35,31,4807,155,0,16,25
"Cabarrus County, North Carolina",9259,4545,3550,3421,109,56,1111,7080,3550,109,56,1068,5,0,24,38,0,21,0,513,4714,6971,53,2179,1068,6971,3421,53,1111,15,10,10,2732,200,0,8,107
"Camden County, North Carolina",5663,2756,1936,1908,158,72,885,4002,1936,158,72,776,4,0,0,0,0,2,0,169,2907,3844,86,1661,776,3844,1908,86,885,8,10,10,1606,0,5,0,70
"Carteret County, North Carolina",6591,3358,2495,2592,144,89,683,5231,2495,144,89,677,5,5,0,0,7,0,0,46,3233,5087,55,1360,677,5087,2592,55,683,22,13,8,7,2,2,0,0
"Caswell County, North Carolina",14693,7362,3600,3743,326,159,3564,7669,3600,326,159,3460,1,0,0,45,0,46,0,307,7331,7343,167,7024,3460,7343,3743,167,3564,9,11,11,5154,440,29,12,109
"Chatham County, North Carolina",16242,8218,5216,5393,317,141,2632,10926,5216,317,141,2684,20,5,0,35,0,71,0,237,8024,10609,176,5316,2684,10609,5393,176,2632,42,30,25,5666,412,0,21,128
"Cherokee County, North Carolina",3427,1633,1690,1515,23,12,93,3228,1690,23,12,106,1,0,0,0,0,5,0,30,1794,3205,11,199,106,3205,1515,11,93,5,5,5,681,31,0,2,0
"Chowan County, North Carolina",6690,3465,1315,1550,160,91,1841,3025,1315,160,91,1824,3,1,0,39,5,20,0,214,3225,2865,69,3665,1824,2865,1550,69,1841,12,8,7,2524,276,36,2,143
"Columbus County, North Carolina",3941,1942,1450,1349,56,21,514,2855,1450,56,21,572,0,0,0,10,0,0,0,15,1999,2799,35,1086,572,2799,1349,35,514,1,0,0,1172,16,0,3,0
"Craven County, North Carolina",13438,6906,3254,3370,1112,615,2781,7736,3254,1112,615,2921,4,1,0,110,73,19,0,252,6532,6624,497,5702,2921,6624,3370,497,2781,17,16,15,2919,434,33,5,151
"Cumberland County, North Carolina",15284,7811,4419,4611,862,458,2650,9892,4419,862,458,2742,2,2,0,178,0,44,0,95,7473,9030,404,5392,2742,9030,4611,404,2650,4,9,7,2597,562,33,7,150
"Currituck County, North Carolina",6703,3446,2085,2369,149,79,1102,4603,2085,149,79,998,4,0,NA,NA,NA,NA,0,117,3257,4454,70,2100,998,4454,2369,70,1102,11,5,5,NA,NA,NA,4,0
"Davidson County, North Carolina",14606,7453,5880,6057,131,69,1211,12068,5880,131,69,1327,7,9,22,27,0,21,0,1100,7153,11937,62,2538,1327,11937,6057,62,1211,50,29,20,4420,486,0,16,52
"Davie County, North Carolina",7574,3815,2788,2806,92,40,919,5686,2788,92,40,969,2,2,0,22,0,20,0,268,3759,5594,52,1888,969,5594,2806,52,919,11,11,9,2032,191,0,4,0
"Duplin County, North Carolina",11182,5639,3034,3210,261,116,2364,6505,3034,261,116,2313,4,0,0,0,0,2,0,206,5543,6244,145,4677,2313,6244,3210,145,2364,12,3,3,3714,31,0,17,63
"Edgecombe County, North Carolina",15708,7761,3907,4008,354,174,3860,8269,3907,354,174,3579,7,4,0,41,11,17,0,285,7947,7915,180,7439,3579,7915,4008,180,3860,14,13,9,5905,209,7,6,28
"Franklin County, North Carolina",10980,5460,2565,2662,433,217,2739,5660,2565,433,217,2581,5,1,0,11,0,16,0,225,5520,5227,216,5320,2581,5227,2662,216,2739,21,14,13,3322,242,0,13,163
"Gates County, North Carolina",8161,4198,1995,2142,382,192,1778,4519,1995,382,192,1864,6,2,0,13,0,14,0,125,3963,4137,190,3642,1864,4137,2142,190,1778,13,7,5,3341,138,3,1,48
"Granville County, North Carolina",18817,9543,4578,4731,801,431,4326,10110,4578,801,431,4381,12,21,0,76,1,24,0,556,9274,9309,370,8707,4381,9309,4731,370,4326,39,26,5,6260,406,0,11,83
"Greene County, North Carolina",6595,3318,1637,1738,249,115,1506,3624,1637,249,115,1465,5,3,0,5,0,0,0,100,3277,3375,134,2971,1465,3375,1738,134,1506,9,7,4,2215,0,0,0,0
"Guilford County, North Carolina",19175,9709,7857,8034,637,316,1288,16528,7857,637,316,1359,14,8,14,34,0,51,0,338,9466,15891,321,2647,1359,15891,8034,321,1288,47,33,25,4120,785,0,11,152
"Halifax County, North Carolina",16865,8601,2677,2946,1837,956,4706,7460,2677,1837,956,4699,1,7,0,15,0,11,0,118,8264,5623,881,9405,4699,5623,2946,881,4706,12,31,24,5093,276,29,7,153
"Haywood County, North Carolina",4975,2421,2369,2281,21,7,171,4671,2369,21,7,133,7,2,0,0,0,0,0,64,2554,4650,14,304,133,4650,2281,14,171,10,2,0,1540,2,0,7,0
"Henderson County, North Carolina",5129,2541,2321,2307,35,17,249,4663,2321,35,17,217,0,1,0,10,0,6,0,21,2588,4628,18,466,217,4628,2307,18,249,2,4,3,729,53,0,7,0
"Hertford County, North Carolina",7484,3733,1623,1761,802,386,1712,4186,1623,802,386,1586,0,1,0,0,0,0,0,105,3751,3384,416,3298,1586,3384,1761,416,1712,4,1,0,2127,43,4,5,68
"Hyde County, North Carolina",6458,3044,2040,1969,251,96,1219,4260,2040,251,96,979,0,2,0,0,0,0,0,138,3414,4009,155,2198,979,4009,1969,155,1219,2,3,1,1634,0,0,0,0
"Iredell County, North Carolina",15685,7923,5890,6040,39,18,1851,11969,5890,39,18,1865,12,3,0,31,0,25,0,25,7762,11930,21,3716,1865,11930,6040,21,1851,36,21,18,4382,357,0,26,120
"Johnston County, North Carolina",10599,5330,3470,3526,127,69,1741,7123,3470,127,69,1735,4,1,0,0,0,6,0,77,5269,6996,58,3476,1735,6996,3526,58,1741,15,9,8,3815,98,0,4,42
"Jones County, North Carolina",4945,2452,983,964,180,93,1423,2127,983,180,93,1395,0,2,0,2,0,5,0,81,2493,1947,87,2818,1395,1947,964,87,1423,7,8,6,1990,29,3,0,0
"Lenoir County, North Carolina",7605,3785,1866,1821,235,104,1823,3922,1866,235,104,1860,1,1,0,14,0,10,0,167,3820,3687,131,3683,1860,3687,1821,131,1823,5,2,1,3813,72,0,1,80
"Lincoln County, North Carolina",25160,12734,9693,9965,116,58,2675,19774,9693,116,58,2711,6,4,95,13,0,63,0,1925,12426,19658,58,5386,2711,19658,9965,58,2675,21,11,7,7068,913,0,24,162
"Macon County, North Carolina",4869,2410,2257,2189,55,27,174,4501,2257,55,27,194,1,0,0,9,0,18,0,140,2459,4446,28,368,194,4446,2189,28,174,3,2,2,1543,91,0,8,0
"Martin County, North Carolina",7637,3885,2155,2283,383,181,1395,4821,2155,383,181,1421,5,2,NA,NA,NA,NA,0,130,3752,4438,202,2816,1421,4438,2283,202,1395,12,3,1,NA,NA,NA,1,0
"Mecklenburg County, North Carolina",18273,9122,5919,5931,101,48,3179,11951,5919,101,48,3143,2,0,97,50,0,58,1,475,9151,11850,53,6322,3143,11850,5931,53,3179,19,17,17,1693,236,0,24,185
"Montgomery County, North Carolina",10780,5414,4077,4144,72,31,1248,8293,4077,72,31,1239,2,7,14,16,0,9,0,432,5366,8221,41,2487,1239,8221,4144,41,1248,24,20,13,3589,156,0,17,0
"Moore County, North Carolina",7988,3990,3260,3183,73,38,703,6516,3260,73,38,769,10,1,0,0,0,0,0,274,3998,6443,35,1472,769,6443,3183,35,703,12,1,0,2849,0,0,2,0
"Nash County, North Carolina",9047,4596,2417,2524,409,192,1817,5350,2417,409,192,1880,4,1,7,0,0,4,0,138,4451,4941,217,3697,1880,4941,2524,217,1817,18,13,12,3133,65,0,5,0
"New Hanover County, North Carolina",13312,6592,3237,3134,565,312,3230,6936,3237,565,312,3146,7,0,0,115,93,43,0,223,6720,6371,253,6376,3146,6371,3134,253,3230,11,3,3,3093,521,23,13,216
"Northampton County, North Carolina",13369,6576,2850,2968,792,401,3552,6610,2850,792,401,3207,13,9,0,17,0,5,0,147,6793,5818,391,6759,3207,5818,2968,391,3552,37,32,23,4528,182,2,5,22
"Onslow County, North Carolina",7527,3781,2336,2339,113,52,1349,4788,2336,113,52,1390,0,0,0,3,14,6,0,71,3746,4675,61,2739,1390,4675,2339,61,1349,2,0,0,2685,64,0,1,0
"Orange County, North Carolina",24356,12353,8260,8511,631,315,3427,17402,8260,631,315,3527,3,14,0,62,0,69,0,157,12003,16771,316,6954,3527,16771,8511,316,3427,27,22,8,6786,559,0,24,209
"Pasquotank County, North Carolina",8514,4154,2322,2328,1076,554,1516,5726,2322,1076,554,1272,2,0,0,29,12,16,0,108,4360,4650,522,2788,1272,4650,2328,522,1516,3,1,1,2375,128,41,2,78
"Perquimans County, North Carolina",7346,3628,2051,2045,307,164,1524,4403,2051,307,164,1419,0,5,0,16,0,7,0,82,3718,4096,143,2943,1419,4096,2045,143,1524,6,7,2,3769,27,0,1,0
"Person County, North Carolina",9790,4980,2548,2681,210,103,2155,5439,2548,210,103,2196,4,1,0,12,0,12,0,152,4810,5229,107,4351,2196,5229,2681,107,2155,7,3,2,2961,177,0,4,20
"Pitt County, North Carolina",11806,5939,3013,3115,30,12,2836,6158,3013,30,12,2812,1,0,0,0,0,4,0,63,5867,6128,18,5648,2812,6128,3115,18,2836,4,5,5,3487,127,9,12,30
"Randolph County, North Carolina",12875,6422,5565,5542,361,169,696,11468,5565,361,169,711,2,3,0,21,0,17,0,32,6453,11107,192,1407,711,11107,5542,192,696,16,10,7,3786,247,0,9,65
"Richmond County, North Carolina",8909,4587,2262,2431,336,172,1896,5029,2262,336,172,1984,2,0,0,17,0,12,0,233,4322,4693,164,3880,1984,4693,2431,164,1896,29,26,26,8701,179,0,8,219
"Robeson County, North Carolina",10370,5255,3074,3188,1223,621,1439,7485,3074,1223,621,1446,6,3,0,7,0,3,0,1126,5115,6262,602,2885,1446,6262,3188,602,1439,20,18,15,2780,41,0,4,61
"Rockingham County, North Carolina",13442,6740,4249,4346,275,132,2310,8870,4249,275,132,2262,2,1,0,21,0,12,0,211,6702,8595,143,4572,2262,8595,4346,143,2310,14,11,10,3740,629,7,15,244
"Rowan County, North Carolina",12109,6121,4236,4410,98,43,1697,8744,4236,98,43,1668,2,0,0,0,0,8,0,98,5988,8646,55,3365,1668,8646,4410,55,1697,4,2,2,3498,133,0,10,0
"Rutherford County, North Carolina",19202,9500,8084,7791,126,65,1557,16001,8084,126,65,1644,2,0,NA,NA,NA,NA,0,149,9702,15875,61,3201,1644,15875,7791,61,1557,4,1,1,NA,NA,NA,13,0
"Sampson County, North Carolina",12157,6097,3683,3792,257,129,2249,7732,3683,257,129,2176,0,0,0,0,0,0,0,272,6060,7475,128,4425,2176,7475,3792,128,2249,16,15,15,2050,0,0,15,35
"Stokes County, North Carolina",16265,8245,6598,6820,165,80,1337,13583,6598,165,80,1345,7,0,1,22,0,23,0,317,8020,13418,85,2682,1345,13418,6820,85,1337,23,15,15,4047,663,0,24,228
"Surry County, North Carolina",15079,7789,6366,6727,208,112,828,13301,6366,208,112,950,0,6,8,25,0,29,0,335,7290,13093,96,1778,950,13093,6727,96,828,28,22,16,3915,294,0,36,0
"Tyrrell County, North Carolina",4657,2298,1565,1595,86,52,760,3246,1565,86,52,651,1,1,0,0,10,2,0,0,2359,3160,34,1411,651,3160,1595,34,760,2,2,1,1180,1,40,0,0
"Wake County, North Carolina",21118,10734,5979,6134,1009,512,3908,13122,5979,1009,512,4088,8,2,0,24,0,24,1,169,10384,12113,497,7996,4088,12113,6134,497,3908,29,24,22,5694,380,0,21,283
"Warren County, North Carolina",12919,6383,2142,2248,329,172,4237,4719,2142,329,172,3963,2,1,1,20,0,21,0,182,6536,4390,157,8200,3963,4390,2248,157,4237,8,9,8,4783,132,3,13,71
"Washington County, North Carolina",4525,2292,1301,1338,159,90,863,2798,1301,159,90,864,1,0,0,11,29,19,0,38,2233,2639,69,1727,864,2639,1338,69,863,3,0,0,1305,182,36,0,0
"Wayne County, North Carolina",10891,5543,3244,3510,464,232,1872,7218,3244,464,232,1801,1,0,1,26,0,17,0,213,5348,6754,232,3673,1801,6754,3510,232,1872,12,15,15,3975,145,0,3,129
"Wilkes County, North Carolina",12577,6407,5393,5583,171,86,692,11147,5393,171,86,738,12,3,0,20,0,7,0,20,6170,10976,85,1430,738,10976,5583,85,692,41,20,17,4735,111,0,24,30
"Yancey County, North Carolina",5962,2921,2915,2766,27,15,114,5708,2915,27,15,140,0,0,0,2,0,0,0,0,3041,5681,12,254,140,5681,2766,12,114,2,3,3,2031,51,0,6,0
"Adams County, Ohio",13183,6396,6757,6363,63,33,0,13183,6757,63,33,0,6,8,0,87,0,44,0,284,6787,13120,30,0,0,13120,6363,30,0,36,22,14,3258,436,17,12,3
"Allen County, Ohio",9079,4360,4708,4348,23,12,0,9079,4708,23,12,0,5,0,1,42,3,17,0,418,4719,9056,11,0,0,9056,4348,11,0,12,5,5,1878,183,0,3,0
"Ashtabula County, Ohio",23724,11637,12078,11629,17,8,0,23724,12078,17,8,0,12,10,1,127,3,98,0,5769,12087,23707,9,0,0,23707,11629,9,0,42,20,10,5959,1136,106,31,421
"Athens County, Ohio",19109,9238,9839,9215,55,23,0,19109,9839,55,23,0,3,5,43,9,0,44,1,2083,9871,19054,32,0,0,19054,9215,32,0,19,14,9,2541,514,0,21,40
"Belmont County, Ohio",30901,15259,15294,14885,722,374,0,30901,15294,722,374,0,8,10,0,120,0,91,0,1599,15642,30179,348,0,0,30179,14885,348,0,59,45,35,5126,955,18,16,56
"Brown County, Ohio",22715,11171,11244,10857,614,314,0,22715,11244,614,314,0,3,5,0,138,10,88,1,1352,11544,22101,300,0,0,22101,10857,300,0,8,16,11,2714,838,24,13,45
"Butler County, Ohio",28173,13419,14628,13291,254,128,0,28173,14628,254,128,0,2,13,0,216,4,135,2,3237,14754,27919,126,0,0,27919,13291,126,0,51,41,28,6434,1632,27,0,62
"Carroll County, Ohio",18108,8941,9145,8914,49,27,0,18108,9145,49,27,0,3,4,0,10,0,33,0,681,9167,18059,22,0,0,18059,8914,22,0,15,8,4,95,107,0,7,32
"Champaign County, Ohio",16721,7990,8546,7847,328,143,0,16721,8546,328,143,0,8,1,0,67,0,35,0,1211,8731,16393,185,0,0,16393,7847,185,0,16,7,6,4424,514,0,8,0
"Clark County, Ohio",16882,8304,8471,8211,200,93,0,16882,8471,200,93,0,4,5,2,120,2,94,0,3369,8578,16682,107,0,0,16682,8211,107,0,15,12,7,2564,953,1,1,60
"Clermont County, Ohio",23106,11288,11756,11228,122,60,0,23106,11756,122,60,0,5,2,0,114,2,36,0,3289,11818,22984,62,0,0,22984,11228,62,0,27,18,16,4184,979,27,16,78
"Clinton County, Ohio",15719,7701,7834,7508,377,193,0,15719,7834,377,193,0,10,2,0,60,0,42,0,6188,8018,15342,184,0,0,15342,7508,184,0,24,11,9,2400,336,0,6,0
"Columbiana County, Ohio",40378,19816,20353,19608,417,208,0,40378,20353,417,208,0,9,12,14,241,3,153,0,2421,20562,39961,209,0,0,39961,19608,209,0,47,36,24,6493,1990,56,17,140
"Coshocton County, Ohio",21590,10413,11157,10395,38,18,0,21590,11157,38,18,0,16,0,4,6,0,61,0,484,11177,21552,20,0,0,21552,10395,20,0,41,15,15,4228,789,31,11,0
"Crawford County, Ohio",13152,6287,6863,6284,5,3,0,13152,6863,5,3,0,5,0,0,68,9,16,0,5310,6865,13147,2,0,0,13147,6284,2,0,7,3,3,2331,428,0,0,0
"Cuyahoga County, Ohio",26506,12808,13635,12750,121,58,0,26506,13635,121,58,0,8,1,2,423,34,162,0,7953,13698,26385,63,0,0,26385,12750,63,0,24,12,11,4258,1389,184,20,188
"Darke County, Ohio",13282,6203,6969,6113,200,90,0,13282,6969,200,90,0,1,3,2,56,0,39,0,288,7079,13082,110,0,0,13082,6113,110,0,2,4,1,2093,156,0,4,0
"Delaware County, Ohio",22060,10837,11182,10802,76,35,0,22060,11182,76,35,0,7,4,0,62,0,73,0,3365,11223,21984,41,0,0,21984,10802,41,0,74,46,42,4758,816,4,34,42
"Erie County, Ohio",12599,5955,6586,5916,97,39,0,12599,6586,97,39,0,0,0,10,94,0,43,0,2955,6644,12502,58,0,0,12502,5916,58,0,0,0,0,2465,238,38,4,0
"Fairfield County, Ohio",31924,15183,16576,15006,342,177,0,31924,16576,342,177,0,12,10,0,190,15,159,0,0,16741,31582,165,0,0,31582,15006,165,0,29,22,12,4577,1692,73,4,0
"Fayette County, Ohio",10984,5456,5401,5347,236,109,0,10984,5401,236,109,0,5,7,0,23,0,26,0,1990,5528,10748,127,0,0,10748,5347,127,0,64,42,35,2332,138,0,9,0
"Franklin County, Ohio",25049,11785,12822,11422,805,363,0,25049,12822,805,363,0,70,116,17,175,19,103,1,827,13264,24244,442,0,0,24244,11422,442,0,238,148,32,4369,1260,5,9,123
"Gallia County, Ohio",13444,6595,6463,6182,799,413,0,13444,6463,799,413,0,3,1,1,66,0,24,0,75,6849,12645,386,0,0,12645,6182,386,0,5,3,2,1985,398,37,11,0
"Geauga County, Ohio",16297,7997,8298,7996,3,1,0,16297,8298,3,1,0,3,0,0,53,2,58,0,4796,8300,16294,2,0,0,16294,7996,2,0,12,12,12,3327,533,6,25,89
"Greene County, Ohio",17528,8407,8952,8232,344,175,0,17528,8952,344,175,0,0,13,0,34,0,32,0,349,9121,17184,169,0,0,17184,8232,169,0,18,19,6,1808,355,0,5,0
"Guernsey County, Ohio",27748,13713,13947,13611,190,102,0,27748,13947,190,102,0,6,1,0,89,2,105,2,2081,14035,27558,88,0,0,27558,13611,88,0,30,16,15,6288,990,2,6,83
"Hamilton County, Ohio",80145,37619,41334,36235,2576,1384,0,80145,41334,2576,1384,0,28,46,1,2178,15,477,3,6544,42526,77569,1192,0,0,77569,36235,1192,0,114,77,31,2921,11125,1794,38,245
"Hancock County, Ohio",9986,4869,5113,4865,8,4,0,9986,5113,8,4,0,4,0,0,27,1,30,0,3189,5117,9978,4,0,0,9978,4865,4,0,16,10,10,2486,202,0,9,0
"Hardin County, Ohio",4598,2187,2408,2186,4,1,0,4598,2408,4,1,0,1,0,NA,NA,NA,NA,0,30,2411,4594,3,0,0,4594,2186,3,0,3,2,2,NA,NA,NA,1,0
"Harrison County, Ohio",20099,9853,10164,9772,163,81,0,20099,10164,163,81,0,6,11,6,132,0,121,1,3578,10246,19936,82,0,0,19936,9772,82,0,22,18,7,4375,986,4,9,45
"Henry County, Ohio",2503,933,1565,932,6,1,0,2503,1565,6,1,0,4,0,0,0,0,4,0,326,1570,2497,5,0,0,2497,932,5,0,4,0,0,282,0,8,0,0
"Highland County, Ohio",22269,10796,11071,10412,786,384,0,22269,11071,786,384,0,16,3,0,167,0,136,0,5102,11473,21483,402,0,0,21483,10412,402,0,50,30,27,5003,1234,0,27,150
"Hocking County, Ohio",9741,4728,4987,4708,46,20,0,9741,4987,46,20,0,3,1,0,30,0,26,0,418,5013,9695,26,0,0,9695,4708,26,0,19,19,18,2612,203,0,4,0
"Holmes County, Ohio",18088,8748,9338,8747,3,1,0,18088,9338,3,1,0,9,2,0,19,0,20,0,484,9340,18085,2,0,0,18085,8747,2,0,30,16,14,3846,537,4,4,0
"Huron County, Ohio",23933,11905,11973,11854,106,51,0,23933,11973,106,51,0,3,0,0,234,2,124,0,5196,12028,23827,55,0,0,23827,11854,55,0,3,1,1,5942,774,7,10,0
"Jackson County, Ohio",9744,4734,4866,4563,315,171,0,9744,4866,315,171,0,3,0,30,0,0,31,0,253,5010,9429,144,0,0,9429,4563,144,0,4,1,1,2729,168,0,4,0
"Jefferson County, Ohio",25030,12474,12297,12236,497,238,0,25030,12297,497,238,0,3,1,0,0,2,106,1,2906,12556,24533,259,0,0,24533,12236,259,0,20,10,9,0,783,66,9,170
"Knox County, Ohio",29579,14357,15181,14335,63,22,0,29579,15181,63,22,0,9,4,0,89,0,168,1,6097,15222,29516,41,0,0,29516,14335,41,0,19,12,8,6330,1362,0,15,57
"Lake County, Ohio",13719,6746,6962,6736,21,10,0,13719,6962,21,10,0,4,0,0,156,0,71,1,5915,6973,13698,11,0,0,13698,6736,11,0,15,9,9,2295,710,26,23,285
"Lawrence County, Ohio",9738,4709,4956,4633,148,76,1,9737,4956,148,76,0,3,0,160,30,2,11,0,1640,5029,9589,72,1,0,9589,4633,72,1,7,4,4,1727,527,24,9,0
"Licking County, Ohio",35096,17024,17996,16960,140,64,0,35096,17996,140,64,0,12,6,0,207,0,142,0,6017,18072,34956,76,0,0,34956,16960,76,0,49,29,23,5455,1641,75,31,555
"Logan County, Ohio",14015,6875,6935,6673,407,202,0,14015,6935,407,202,0,7,2,0,66,1,33,0,1806,7140,13608,205,0,0,13608,6673,205,0,26,14,12,3433,544,0,10,0
"Lorain County, Ohio",18467,8868,9561,8844,62,24,0,18467,9561,62,24,0,4,4,0,77,0,103,1,3123,9599,18405,38,0,0,18405,8844,38,0,18,13,9,4215,571,33,35,135
"Lucas County, Ohio",9382,4113,5234,4094,54,19,0,9382,5234,54,19,0,4,2,0,60,4,75,0,1151,5269,9328,35,0,0,9328,4094,35,0,12,9,7,1728,387,16,3,0
"Madison County, Ohio",9025,4349,4622,4306,97,43,0,9025,4622,97,43,0,4,1,0,41,0,15,0,2917,4676,8928,54,0,0,8928,4306,54,0,13,8,7,2040,159,0,7,0
"Marion County, Ohio",14765,7177,7562,7151,52,26,0,14765,7562,52,26,0,4,1,0,37,1,34,0,3155,7588,14713,26,0,0,14713,7151,26,0,22,12,11,2222,321,0,5,0
"Medina County, Ohio",18352,8858,9488,8851,13,7,0,18352,9488,13,7,0,4,4,0,165,4,90,0,3743,9494,18339,6,0,0,18339,8851,6,0,14,9,5,8149,638,0,0,99
"Meigs County, Ohio",11452,5578,5856,5568,28,10,0,11452,5856,28,10,0,6,4,136,65,2,54,0,2601,5874,11424,18,0,0,11424,5568,18,0,27,15,11,2779,505,43,16,0
"Mercer County, Ohio",8277,3611,4564,3509,204,102,0,8277,4564,204,102,0,0,1,0,33,0,22,0,400,4666,8073,102,0,0,8073,3509,102,0,0,1,0,1006,72,0,1,0
"Miami County, Ohio",19688,9550,10042,9435,211,115,0,19688,10042,211,115,0,2,3,0,127,2,63,0,3625,10138,19477,96,0,0,19477,9435,96,0,11,9,6,2625,749,14,12,0
"Monroe County, Ohio",18521,8965,9548,8960,13,5,0,18521,9548,13,5,0,7,0,2,51,0,56,0,820,9556,18508,8,0,0,18508,8960,8,0,33,17,17,4406,406,23,10,0
"Montgomery County, Ohio",31938,15207,16549,15013,376,194,0,31938,16549,376,194,0,10,11,2,268,33,140,0,7122,16731,31562,182,0,0,31562,15013,182,0,56,32,21,5172,2280,66,7,82
"Morgan County, Ohio",20852,10057,10762,10022,68,35,0,20852,10762,68,35,0,9,3,0,71,5,57,0,4449,10795,20784,33,0,0,20784,10022,33,0,21,8,5,4067,761,0,8,0
"Muskingum County, Ohio",38749,19151,19322,18864,562,286,0,38748,19322,562,286,1,19,4,58,257,4,173,1,5925,19598,38186,276,1,1,38186,18864,276,0,72,44,40,5497,2359,72,26,218
"Ottawa County, Ohio",2248,1003,1241,1002,5,1,0,2248,1241,5,1,0,0,0,53,9,0,3,0,115,1245,2243,4,0,0,2243,1002,4,0,0,0,0,557,82,34,0,0
"Paulding County, Ohio",1034,342,692,342,0,0,0,1034,692,0,0,0,0,0,NA,NA,NA,NA,0,28,692,1034,0,0,0,1034,342,0,0,0,0,0,NA,NA,NA,0,0
"Perry County, Ohio",19344,9511,9813,9484,47,27,0,19344,9813,47,27,0,21,3,49,80,1,90,0,2939,9833,19297,20,0,0,19297,9484,20,0,60,30,27,3524,798,0,7,80
"Pickaway County, Ohio",19725,9642,9918,9474,333,168,0,19725,9918,333,168,0,10,6,0,109,0,69,0,1522,10083,19392,165,0,0,19392,9474,165,0,19,26,20,2918,80,0,7,15
"Pike County, Ohio",7626,3678,3776,3521,329,157,0,7626,3776,329,157,0,2,0,0,38,2,19,0,833,3948,7297,172,0,0,7297,3521,172,0,9,6,6,1423,203,16,9,0
"Portage County, Ohio",22965,11219,11726,11200,39,19,0,22965,11726,39,19,0,2,10,0,22,0,75,0,5077,11746,22926,20,0,0,22926,11200,20,0,39,33,23,6163,972,1,34,101
"Preble County, Ohio",19482,9466,9969,9424,88,42,1,19481,9969,88,42,0,3,6,0,58,0,51,0,0,10016,19393,46,1,0,19393,9424,46,1,11,9,3,3523,490,0,9,0
"Putnam County, Ohio",5189,2338,2850,2338,1,0,0,5189,2850,1,0,0,1,0,0,8,0,10,0,0,2851,5188,1,0,0,5188,2338,1,0,1,0,0,1258,51,0,2,0
"Richland County, Ohio",44532,21832,22662,21805,65,27,0,44532,22662,65,27,0,9,16,0,104,1,119,0,6635,22700,44467,38,0,0,44467,21805,38,0,46,35,19,6159,1712,0,27,52
"Ross County, Ohio",27460,13255,13571,12694,1195,561,0,27460,13571,1195,561,0,3,6,0,173,0,68,0,0,14205,26265,634,0,0,26265,12694,634,0,9,6,0,5654,845,10,14,85
"Sandusky County, Ohio",10182,4775,5385,4756,41,19,0,10182,5385,41,19,0,6,1,0,51,0,60,0,5159,5407,10141,22,0,0,10141,4756,22,0,18,8,7,2174,342,10,0,0
"Scioto County, Ohio",11192,5453,5631,5355,206,98,0,11192,5631,206,98,0,7,0,20,140,1,53,0,1243,5739,10986,108,0,0,10986,5355,108,0,10,4,4,2764,529,20,9,0
"Seneca County, Ohio",18128,8712,9383,8680,65,32,0,18128,9383,65,32,0,8,0,0,60,1,63,0,2382,9416,18063,33,0,0,18063,8680,33,0,25,17,17,4181,497,0,6,0
"Shelby County, Ohio",12154,5607,6405,5497,252,110,0,12154,6405,252,110,0,11,1,0,40,0,28,0,528,6547,11902,142,0,0,11902,5497,142,0,22,10,9,2535,203,0,6,0
"Stark County, Ohio",34603,16911,17589,16810,204,101,0,34603,17589,204,101,0,16,6,9,177,6,136,0,809,17692,34399,103,0,0,34399,16810,103,0,55,32,26,5732,2404,132,9,0
"Summit County, Ohio",22560,10850,11690,10828,42,22,0,22560,11690,42,22,0,7,0,29,145,8,95,1,3860,11710,22518,20,0,0,22518,10828,20,0,18,8,8,2485,1023,38,15,217
"Trumbull County, Ohio",38107,18840,19224,18813,70,27,0,38107,19224,70,27,0,14,8,19,172,0,141,0,13572,19267,38037,43,0,0,38037,18813,43,0,49,36,28,7250,1833,11,41,179
"Tuscarawas County, Ohio",25631,12585,13008,12552,71,33,0,25631,13008,71,33,0,17,0,30,85,3,47,0,9866,13046,25560,38,0,0,25560,12552,38,0,53,31,31,5865,738,40,2,0
"Union County, Ohio",8422,4108,4271,4073,78,35,0,8422,4271,78,35,0,1,0,0,18,0,20,0,1738,4314,8344,43,0,0,8344,4073,43,0,6,3,3,2301,134,0,4,0
"Van Wert County, Ohio",1577,736,841,736,0,0,0,1577,841,0,0,0,0,0,0,8,0,8,0,0,841,1577,0,0,0,1577,736,0,0,1,1,1,442,19,0,0,0
"Warren County, Ohio",23141,11283,11688,11112,341,171,0,23141,11688,341,171,0,3,3,0,86,0,61,0,5356,11858,22800,170,0,0,22800,11112,170,0,15,9,6,5273,1190,12,18,0
"Washington County, Ohio",20823,10059,10639,9915,269,144,0,20823,10639,269,144,0,2,5,0,159,2,96,1,4476,10764,20554,125,0,0,20554,9915,125,0,18,17,12,3744,980,61,16,53
"Wayne County, Ohio",35808,17453,18330,17437,41,16,0,35808,18330,41,16,0,9,6,3,117,1,98,0,278,18355,35767,25,0,0,35767,17437,25,0,20,11,5,7676,1045,0,13,25
"Williams County, Ohio",4465,2005,2459,2004,2,1,0,4465,2459,2,1,0,4,0,0,39,0,28,0,570,2460,4463,1,0,0,4463,2004,1,0,5,1,1,1573,168,1,1,0
"Wood County, Ohio",5357,2502,2839,2486,32,16,0,5357,2839,32,16,0,1,1,0,26,0,32,0,717,2855,5325,16,0,0,5325,2486,16,0,2,1,0,1174,168,6,0,0
"Adams County, Pennsylvania",23044,11519,11188,11164,690,353,0,23042,11188,690,353,2,56,4,0,6,0,47,2,4065,11525,22352,337,2,2,22352,11164,337,0,67,14,10,1522,829,0,5,42
"Allegheny County, Pennsylvania",81235,40177,39982,39135,2118,1042,0,81235,39982,2118,1042,0,24,18,607,914,18,360,2,10281,41058,79117,1076,0,0,79117,39135,1076,0,95,59,41,5278,5927,550,53,1168
"Armstrong County, Pennsylvania",28365,14000,14309,13944,112,56,0,28365,14309,112,56,0,19,9,29,95,0,64,0,1936,14365,28253,56,0,0,28253,13944,56,0,103,73,64,5052,711,36,33,166
"Beaver County, Pennsylvania",29368,14469,14760,14342,266,127,0,29368,14760,266,127,0,13,3,19,120,1,112,0,20,14899,29102,139,0,0,29102,14342,139,0,49,25,22,5262,1540,99,34,154
"Bedford County, Pennsylvania",29335,14272,14802,14063,470,209,0,29335,14802,470,209,0,4,5,32,37,5,39,0,1320,15063,28865,261,0,0,28865,14063,261,0,13,18,13,2251,773,0,24,99
"Berks County, Pennsylvania",64569,31973,32313,31730,524,241,0,64567,32313,524,241,2,23,19,NA,NA,NA,NA,0,1750,32596,64043,283,2,2,64043,31730,283,0,60,36,17,NA,NA,NA,26,138
"Bradford County, Pennsylvania",32769,15473,17219,15389,161,84,0,32769,17219,161,84,0,12,9,427,176,0,117,0,7948,17296,32608,77,0,0,32608,15389,77,0,62,39,30,6750,1044,55,77,170
"Bucks County, Pennsylvania",48107,23735,23435,22933,1739,802,0,48107,23435,1739,802,0,22,15,22,428,57,162,1,3447,24372,46368,937,0,0,46368,22933,937,0,96,62,47,8247,2737,119,17,232
"Butler County, Pennsylvania",22378,10818,11527,10790,61,28,0,22378,11527,61,28,0,19,1,6,87,0,76,0,5252,11560,22317,33,0,0,22317,10790,33,0,56,28,27,3856,816,3,26,119
"Cambria County, Pennsylvania",11256,5431,5778,5380,98,51,0,11256,5778,98,51,0,3,0,43,59,0,33,0,2690,5825,11158,47,0,0,11158,5380,47,0,25,18,18,1729,477,45,6,0
"Centre County, Pennsylvania",20492,9879,10453,9738,301,141,0,20492,10453,301,141,0,5,2,146,69,2,46,0,2770,10613,20191,160,0,0,20191,9738,160,0,12,9,7,2421,1528,1,9,53
"Chester County, Pennsylvania",57515,28503,26825,26547,4143,1956,0,57515,26825,4143,1956,0,13,45,42,365,13,277,0,7717,29012,53372,2187,0,0,53372,26547,2187,0,109,85,40,11571,4550,44,26,859
"Clearfield County, Pennsylvania",7834,3716,4083,3694,57,22,0,7834,4083,57,22,0,2,0,NA,NA,NA,0,0,0,4118,7777,35,0,0,7777,3694,35,0,3,3,3,NA,NA,NA,2,0
"Clinton County, Pennsylvania",8323,3949,4331,3916,76,33,0,8323,4331,76,33,0,0,0,18,45,0,20,0,286,4374,8247,43,0,0,8247,3916,43,0,0,3,3,903,376,13,6,25
"Columbia County, Pennsylvania",24267,11945,12286,11906,75,39,0,24267,12286,75,39,0,6,5,100,140,0,74,0,148,12322,24192,36,0,0,24192,11906,36,0,29,14,9,2399,1529,27,24,146
"Crawford County, Pennsylvania",31724,15095,16566,15043,115,52,0,31724,16566,115,52,0,8,2,0,120,5,127,1,1037,16629,31609,63,0,0,31609,15043,63,0,56,35,33,7141,1275,8,36,0
"Cumberland County, Pennsylvania",30953,15400,15043,14890,996,504,18,30929,15043,996,504,6,17,13,27,207,47,164,1,3771,15553,29933,492,24,6,29933,14890,492,18,60,37,24,4148,2146,0,8,90
"Dauphin County, Pennsylvania",30118,14775,14894,14267,957,508,0,30118,14894,957,508,0,13,13,39,198,26,121,0,3656,15343,29161,449,0,0,29161,14267,449,0,61,54,41,2777,2218,80,11,115
"Delaware County, Pennsylvania",19791,9832,9239,9219,1333,613,0,19791,9239,1333,613,0,8,1,30,52,5,61,2,2257,9959,18458,720,0,0,18458,9219,720,0,17,9,8,3303,2088,42,2,0
"Erie County, Pennsylvania",31344,15000,16282,14962,100,38,0,31344,16282,100,38,0,14,0,6,124,0,107,0,8349,16344,31244,62,0,0,31244,14962,62,0,37,22,22,4997,1448,52,34,165
"Fayette County, Pennsylvania",33574,16739,16129,15980,1464,759,1,33573,16129,1464,759,0,31,26,83,196,4,128,1,2973,16835,32109,705,1,0,32109,15980,705,1,116,72,46,4405,1991,48,59,0
"Franklin County, Pennsylvania",37793,18859,17955,17805,2033,1054,0,37793,17955,2033,1054,0,7,21,27,33,1,109,1,5745,18934,35760,979,0,0,35760,17805,979,0,61,46,25,4284,3563,0,27,218
"Greene County, Pennsylvania",19147,9431,9510,9223,413,208,1,19146,9510,413,208,0,10,5,6,64,1,46,0,1723,9716,18733,205,1,0,18733,9223,205,1,69,50,45,3812,815,7,32,42
"Huntingdon County, Pennsylvania",35484,17084,18146,16831,507,253,0,35484,18146,507,253,0,18,11,150,206,0,100,0,1432,18400,34977,254,0,0,34977,16831,254,0,96,66,55,3431,1757,143,13,0
"Indiana County, Pennsylvania",20782,10229,10470,10157,155,72,0,20782,10470,155,72,0,7,1,25,127,5,90,0,1413,10553,20627,83,0,0,20627,10157,83,0,22,16,15,4536,815,104,28,55
"Jefferson County, Pennsylvania",7253,3402,3828,3368,57,34,0,7253,3828,57,34,0,6,1,1,24,0,25,0,236,3851,7196,23,0,0,7196,3368,23,0,13,6,5,1860,469,0,3,25
"Juniata County, Pennsylvania",11080,5504,5512,5459,108,45,1,11079,5512,108,45,0,5,15,0,62,0,34,0,2375,5576,10971,63,1,0,10971,5459,63,1,47,36,21,1987,736,61,14,33
"Lancaster County, Pennsylvania",84203,41888,40781,40417,3003,1469,0,84201,40781,3003,1469,2,20,26,108,250,14,503,0,6745,42315,81198,1534,2,2,81198,40417,1534,0,88,63,37,10285,3928,71,44,218
"Lebanon County, Pennsylvania",21872,11089,10733,11036,103,53,0,21872,10733,103,53,0,36,2,27,122,2,47,0,1327,10783,21769,50,0,0,21769,11036,50,0,78,27,25,2205,1324,130,30,154
"Lehigh County, Pennsylvania",25787,12866,12898,12856,33,10,0,25787,12898,33,10,0,18,1,50,101,0,73,0,2293,12921,25754,23,0,0,25754,12856,23,0,37,14,13,2983,2427,17,20,30
"Luzerne County, Pennsylvania",44006,20318,23581,20230,194,87,0,44005,23581,194,87,1,3,0,617,220,0,133,0,7418,23688,43811,107,1,1,43811,20230,107,0,23,12,12,6284,1666,84,58,140
"Lycoming County, Pennsylvania",22649,11083,11381,10909,359,174,0,22649,11381,359,174,0,4,3,16,141,0,73,0,4094,11566,22290,185,0,0,22290,10909,185,0,34,25,22,4214,1429,51,18,52
"Mckean County, Pennsylvania",2975,1410,1562,1408,5,2,0,2975,1562,5,2,0,0,0,0,0,0,17,0,575,1565,2970,3,0,0,2970,1408,3,0,0,0,0,785,72,0,4,30
"Mercer County, Pennsylvania",32873,16128,16576,15969,328,159,0,32873,16576,328,159,0,8,5,12,117,3,72,0,7746,16745,32545,169,0,0,32545,15969,169,0,54,41,36,6774,1072,3,17,150
"Mifflin County, Pennsylvania",13092,6368,6492,6152,427,207,12,13071,6492,427,207,9,2,7,28,81,12,39,0,2125,6724,12644,220,21,9,12644,6152,220,12,11,9,2,1527,851,99,7,27
"Monroe County, Pennsylvania",9879,4715,5135,4694,50,21,0,9879,5135,50,21,0,4,3,0,23,4,14,0,794,5164,9829,29,0,0,9829,4694,29,0,16,10,7,653,418,5,11,0
"Montgomery County, Pennsylvania",47241,23056,23823,22738,680,318,0,47241,23823,680,318,0,15,14,17,197,5,185,0,4465,24185,46561,362,0,0,46561,22738,362,0,84,48,34,8382,3764,86,27,372
"Northampton County, Pennsylvania",40996,20073,20831,20001,164,72,0,40996,20831,164,72,0,13,34,322,257,0,208,2,3445,20923,40832,92,0,0,40832,20001,92,0,67,45,11,2829,3161,363,19,601
"Northumberland County, Pennsylvania",20027,9862,10109,9813,105,49,0,20027,10109,105,49,0,3,5,53,50,0,66,0,2854,10165,19922,56,0,0,19922,9813,56,0,28,19,14,2758,1297,66,20,0
"Perry County, Pennsylvania",17096,8451,8564,8378,154,73,0,17096,8564,154,73,0,14,15,40,76,0,50,0,3829,8645,16942,81,0,0,16942,8378,81,0,58,54,39,3595,1416,114,16,20
"Philadelphia County, Pennsylvania",258037,137834,111887,126317,19831,11515,0,258035,111887,19831,11515,2,158,95,29,8727,1460,1723,5,16212,120203,238204,8316,2,2,238204,126317,8316,0,719,485,390,3675,29223,740,84,8897
"Pike County, Pennsylvania",3832,1812,1946,1737,149,75,0,3832,1946,149,75,0,2,2,0,14,4,13,0,0,2020,3683,74,0,0,3683,1737,74,0,5,4,2,683,153,30,6,46
"Potter County, Pennsylvania",3371,1617,1753,1617,1,0,0,3371,1753,1,0,0,1,0,0,2,1,12,0,476,1754,3370,1,0,0,3370,1617,1,0,2,1,1,984,42,0,4,0
"Schuylkill County, Pennsylvania",29053,13939,14937,13791,325,148,0,29053,14937,325,148,0,7,2,1108,78,0,82,0,880,15114,28728,177,0,0,28728,13791,177,0,21,13,11,3216,972,210,21,127
"Somerset County, Pennsylvania",19650,9634,9971,9597,82,37,0,19650,9971,82,37,0,5,2,5,102,57,34,0,476,10016,19568,45,0,0,19568,9597,45,0,94,79,77,3556,914,0,13,0
"Susquehanna County, Pennsylvania",21195,10380,10766,10332,97,48,0,21195,10766,97,48,0,11,10,0,92,0,87,0,5074,10815,21098,49,0,0,21098,10332,49,0,65,43,33,5306,734,0,53,401
"Tioga County, Pennsylvania",15498,7452,8012,7417,69,35,0,15498,8012,69,35,0,15,0,76,102,2,52,0,2184,8046,15429,34,0,0,15429,7417,34,0,38,15,15,4465,545,5,19,75
"Union County, Pennsylvania",22787,11376,11360,11340,84,35,2,22784,11360,84,35,1,0,3,0,104,12,64,0,2540,11411,22700,49,3,1,22700,11340,49,2,8,7,4,6435,1228,47,10,45
"Venango County, Pennsylvania",17900,8532,9350,8523,27,9,0,17900,9350,27,9,0,13,0,10,1,0,42,0,949,9368,17873,18,0,0,17873,8523,18,0,35,14,14,2864,478,0,11,20
"Warren County, Pennsylvania",9278,4364,4891,4347,40,17,0,9278,4891,40,17,0,3,1,1,0,0,30,0,2074,4914,9238,23,0,0,9238,4347,23,0,16,9,8,2014,337,13,11,50
"Washington County, Pennsylvania",41279,20490,20232,19932,1113,556,0,41277,20232,1113,556,2,25,13,120,170,9,176,2,6490,20789,40164,557,2,2,40164,19932,557,0,72,33,20,6667,1690,46,29,175
"Wayne County, Pennsylvania",11848,5601,6227,5582,39,19,0,11848,6227,39,19,0,0,1,0,0,0,32,0,2424,6247,11809,20,0,0,11809,5582,20,0,6,5,4,0,0,0,17,96
"Westmoreland County, Pennsylvania",42699,21339,21183,21225,290,113,0,42698,21183,290,113,1,18,18,45,182,3,143,0,4154,21360,42408,177,1,1,42408,21225,177,0,77,54,36,4948,1235,83,25,80
"York County, Pennsylvania",47010,23590,22924,23112,973,477,0,47009,22924,973,477,1,18,18,34,175,37,197,0,3749,23420,46036,496,1,1,46036,23112,496,0,97,69,51,5524,3349,151,22,50
"Bristol County, Rhode Island",6476,3207,3154,3077,245,130,0,6476,3154,245,130,0,1,0,0,118,663,33,0,742,3269,6231,115,0,0,6231,3077,115,0,4,1,1,570,591,37,41,270
"Kent County, Rhode Island",13083,6851,6084,6687,310,163,1,13081,6084,310,163,1,4,7,0,16,37,41,0,1974,6232,12771,147,2,1,12771,6687,147,1,43,30,23,2089,3511,0,91,250
"Newport County, Rhode Island",16874,8679,7969,8324,579,353,0,16872,7969,579,353,2,22,47,28,82,450,66,0,2471,8195,16293,226,2,2,16293,8324,226,0,98,67,20,1855,1527,62,91,100
"Providence County, Rhode Island",58073,30003,27389,29090,1593,912,0,58072,27389,1593,912,1,31,58,7,1042,484,269,2,9705,28070,56479,681,1,1,56479,29090,681,0,146,94,36,8448,14302,93,280,2935
"Washington County, Rhode Island",14324,7314,6766,7047,511,267,0,14324,6766,511,267,0,16,10,0,90,83,48,0,2463,7010,13813,244,0,0,13813,7047,244,0,49,24,14,3655,1340,36,98,109
"Abbeville County, South Carolina",29351,14797,6971,6909,323,174,7434,14203,6971,323,174,7714,7,5,0,52,0,94,0,1115,14554,13880,149,15148,7714,13880,6909,149,7434,43,30,25,10829,486,5,11,412
"Anderson County, South Carolina",18493,9364,6308,6439,63,25,2783,12810,6308,63,25,2900,7,1,0,59,0,47,0,687,9129,12747,38,5683,2900,12747,6439,38,2783,25,18,17,5103,397,0,31,233
"Barnwell County, South Carolina",21471,10758,5328,5205,435,228,5178,10968,5328,435,228,5325,1,3,0,57,0,54,0,440,10713,10533,207,10503,5325,10533,5205,207,5178,23,24,21,7715,215,8,4,95
"Beaufort County, South Carolina",35794,18567,2817,2833,462,232,14180,6112,2817,462,232,15502,1,0,0,38,6,96,0,377,17227,5650,230,29682,15502,5650,2833,230,14180,2,1,1,16845,837,7,1,172
"Charleston County, South Carolina",82661,42947,10926,9995,3201,1858,27445,24122,10926,3201,1858,31094,4,22,0,779,300,359,0,904,39714,20921,1343,58539,31094,20921,9995,1343,27445,41,36,14,9787,1317,37,25,1008
"Chester County, South Carolina",17747,8987,4940,4949,136,66,3750,10025,4940,136,66,3972,8,5,0,46,0,28,0,527,8760,9889,70,7722,3972,9889,4949,70,3750,40,31,26,5934,298,20,13,70
"Chesterfield County, South Carolina",8574,4349,2695,2842,166,78,1442,5703,2695,166,78,1429,2,0,0,39,0,14,0,0,4225,5537,88,2871,1429,5537,2842,88,1442,5,4,4,2379,157,20,5,0
"Colleton County, South Carolina",25548,12941,3041,2833,428,223,9361,6302,3041,428,223,9885,0,0,0,12,0,61,0,365,12607,5874,205,19246,9885,5874,2833,205,9361,3,8,8,14631,63,3,1,112
"Darlington County, South Carolina",14822,7527,3580,3589,93,45,3667,7262,3580,93,45,3893,6,7,0,27,0,43,0,305,7295,7169,48,7560,3893,7169,3589,48,3667,29,28,21,5147,262,26,7,149
"Edgefield County, South Carolina",32852,16348,7617,7403,294,139,8732,15314,7617,294,139,8806,8,6,0,215,32,56,0,152,16504,15020,155,17538,8806,15020,7403,155,8732,27,21,15,10814,571,47,28,65
"Fairfield County, South Carolina",20165,10110,3914,3673,73,34,6102,7660,3914,73,34,6403,0,0,0,4,0,11,0,98,10055,7587,39,12505,6403,7587,3673,39,6102,0,0,0,7222,109,0,2,25
"Georgetown County, South Carolina",18274,9566,1042,1051,188,102,7580,2281,1042,188,102,8413,0,0,0,31,36,37,0,73,8708,2093,86,15993,8413,2093,1051,86,7580,1,1,1,8345,640,5,0,165
"Greenville County, South Carolina",17839,9091,6138,6353,43,20,2587,12534,6138,43,20,2718,8,4,0,66,0,34,0,524,8748,12491,23,5305,2718,12491,6353,23,2587,46,39,35,5466,512,0,19,148
"Horry County, South Carolina",5755,2905,2073,2081,27,4,754,4181,2073,27,4,820,4,1,0,0,0,6,0,101,2850,4154,23,1574,820,4154,2081,23,754,9,4,3,1992,4,0,0,0
"Kershaw County, South Carolina",12281,6245,2010,1978,250,123,3899,4238,2010,250,123,4144,3,0,0,0,0,33,0,304,6036,3988,127,8043,4144,3988,1978,127,3899,5,2,2,4908,233,1,6,127
"Lancaster County, South Carolina",9907,4875,2867,2698,107,55,2113,5672,2867,107,55,2122,4,2,45,0,3,2,0,446,5032,5565,52,4235,2122,5565,2698,52,2113,8,7,5,3265,81,0,11,6
"Laurens County, South Carolina",21584,10827,6239,6333,101,46,4463,12673,6239,101,46,4448,15,4,0,57,4,66,0,905,10757,12572,55,8911,4448,12572,6333,55,4463,43,26,22,7265,397,0,16,206
"Lexington County, South Carolina",12111,6124,3691,3710,25,14,2285,7426,3691,25,14,2400,4,0,0,0,0,11,0,146,5987,7401,11,4685,2400,7401,3710,11,2285,12,10,10,4085,298,0,2,105
"Marion County, South Carolina",13932,7053,4269,4324,88,45,2567,8681,4269,88,45,2684,2,4,0,18,0,32,0,238,6879,8593,43,5251,2684,8593,4324,43,2567,20,19,15,5489,105,1,4,71
"Marlboro County, South Carolina",8408,4188,2097,2091,102,55,2076,4290,2097,102,55,2042,3,3,0,27,0,18,0,229,4220,4188,47,4118,2042,4188,2091,47,2076,18,17,14,3078,165,6,5,104
"Newberry County, South Carolina",18350,9261,4175,4033,238,134,4810,8446,4175,238,134,5094,5,0,0,63,0,58,0,757,9089,8208,104,9904,5094,8208,4033,104,4810,15,11,11,7639,354,0,3,134
"Orangeburg County, South Carolina",18519,9199,3255,3066,264,128,5929,6585,3255,264,128,6005,3,0,0,26,0,33,0,236,9320,6321,136,11934,6005,6321,3066,136,5929,16,11,11,6809,204,2,5,40
"Pickens County, South Carolina",14356,7256,5721,5827,93,42,1328,11641,5721,93,42,1387,7,1,0,7,0,16,0,579,7100,11548,51,2715,1387,11548,5827,51,1328,31,24,23,3451,279,0,22,51
"Richland County, South Carolina",16397,8074,2794,2532,407,208,5330,5733,2794,407,208,5334,2,32,0,171,0,53,1,366,8323,5326,199,10664,5334,5326,2532,199,5330,69,65,33,4494,268,84,1,161
"Spartanburg County, South Carolina",23669,11881,8935,8989,58,26,2821,17982,8935,58,26,2866,10,3,0,48,0,53,0,375,11788,17924,32,5687,2866,17924,8989,32,2821,19,8,5,6919,390,0,31,179
"Sumter County, South Carolina",27892,14199,4337,4307,373,193,9176,9017,4337,373,193,9699,0,0,0,52,0,81,0,693,13693,8644,180,18875,9699,8644,4307,180,9176,8,10,10,12338,764,54,13,145
"Union County, South Carolina",18936,9502,5313,5172,97,45,4069,10582,5313,97,45,4285,9,2,0,42,0,46,0,738,9434,10485,52,8354,4285,10485,5172,52,4069,44,32,30,6805,323,0,24,240
"Williamsburg County, South Carolina",10327,5139,1740,1587,32,19,3435,3359,1740,32,19,3533,8,1,0,12,0,10,0,161,5188,3327,13,6968,3533,3327,1587,13,3435,19,14,13,3815,218,22,2,70
"York County, South Carolina",18383,9280,5663,5786,109,51,3382,11558,5663,109,51,3443,9,1,4,10,0,29,0,679,9103,11449,58,6825,3443,11449,5786,58,3382,28,12,11,5694,378,0,26,33
"Anderson County, Tennessee",5658,2814,2621,2597,15,9,217,5233,2621,15,9,208,1,0,0,14,0,0,0,0,2844,5218,6,425,208,5218,2597,6,217,1,0,0,1393,71,0,8,14
"Bedford County, Tennessee",20546,10246,8155,8037,59,32,2118,16251,8155,59,32,2177,3,1,0,0,0,36,0,939,10300,16192,27,4295,2177,16192,8037,27,2118,18,10,9,4279,307,0,18,215
"Benton County, Tennessee",4772,2422,2240,2277,8,6,108,4525,2240,8,6,139,0,2,0,4,0,1,0,133,2350,4517,2,247,139,4517,2277,2,108,3,6,4,1112,20,0,3,0
"Bledsoe County, Tennessee",5676,2773,2559,2451,128,62,278,5138,2559,128,62,260,1,2,0,13,0,8,0,215,2903,5010,66,538,260,5010,2451,66,278,19,12,10,1498,50,0,9,30
"Blount County, Tennessee",11745,5926,5284,5380,136,55,454,10800,5284,136,55,491,0,4,0,27,0,27,1,162,5819,10664,81,945,491,10664,5380,81,454,0,15,11,2014,217,0,15,25
"Bradley County, Tennessee",7385,3616,3566,3405,13,10,200,6984,3566,13,10,201,1,1,2,26,0,29,0,172,3769,6971,3,401,201,6971,3405,3,200,7,5,4,1025,172,1,9,80
"Campbell County, Tennessee",6149,3064,2931,2900,54,27,127,5885,2931,54,27,137,5,3,0,12,0,1,0,56,3085,5831,27,264,137,5831,2900,27,127,28,18,15,1410,34,0,5,0
"Cannon County, Tennessee",7193,3614,3282,3276,17,11,291,6575,3282,17,11,327,1,1,0,10,0,22,0,494,3579,6558,6,618,327,6558,3276,6,291,14,9,8,1742,114,0,8,25
"Carroll County, Tennessee",12362,6122,5163,4951,30,12,1059,10144,5163,30,12,1159,3,7,0,1,0,19,0,923,6240,10114,18,2218,1159,10114,4951,18,1059,15,10,3,3475,158,0,11,0
"Carter County, Tennessee",5372,2601,2578,2420,22,8,179,5020,2578,22,8,173,4,9,22,11,0,6,0,60,2771,4998,14,352,173,4998,2420,14,179,8,9,0,1002,173,0,14,48
"Claiborne County, Tennessee",9474,4702,4414,4351,85,42,315,8850,4414,85,42,309,2,0,0,16,0,8,0,130,4772,8765,43,624,309,8765,4351,43,315,15,13,13,2898,120,0,13,0
"Cocke County, Tennessee",6992,3465,3139,3060,159,78,307,6358,3139,159,78,327,0,0,0,6,0,3,0,0,3527,6199,81,634,327,6199,3060,81,307,4,5,5,793,60,0,8,0
"Coffee County, Tennessee",8184,4037,3626,3431,22,10,509,7079,3626,22,10,596,4,0,0,11,0,12,0,342,4147,7057,12,1105,596,7057,3431,12,509,10,6,6,2209,92,0,7,0
"Davidson County, Tennessee",30509,14763,9162,8295,704,347,6227,18161,9162,704,347,6121,17,13,0,279,2,175,1,367,15746,17457,357,12348,6121,17457,8295,357,6227,57,36,23,20448,1644,87,21,1353
"De Kalb County, Tennessee",5868,2874,2775,2623,11,5,213,5409,2775,11,5,246,4,0,0,13,0,9,0,122,2994,5398,6,459,246,5398,2623,6,213,14,7,7,1607,104,0,7,0
"Dickson County, Tennessee",7074,3493,2689,2681,17,4,879,5387,2689,17,4,808,6,0,0,19,0,27,0,444,3581,5370,13,1687,808,5370,2681,13,879,25,17,17,1841,371,14,17,0
"Dyer County, Tennessee",4484,2161,1799,1628,15,9,518,3442,1799,15,9,524,1,1,0,8,0,8,0,137,2323,3427,6,1042,524,3427,1628,6,518,2,3,2,1518,18,0,2,0
"Fayette County, Tennessee",21501,10456,5565,5008,43,21,5458,10616,5565,43,21,5427,3,0,0,83,0,62,0,786,11045,10573,22,10885,5427,10573,5008,22,5458,10,3,3,6394,248,0,11,215
"Fentress County, Tennessee",3550,1784,1721,1744,5,4,44,3470,1721,5,4,36,2,1,0,5,0,3,0,0,1766,3465,1,80,36,3465,1744,1,44,3,1,0,1080,847,2,9,0
"Franklin County, Tennessee",12033,5918,4577,4358,13,6,1531,8948,4577,13,6,1554,1,4,0,14,0,43,0,242,6115,8935,7,3085,1554,8935,4358,7,1531,11,9,5,3245,242,0,14,0
"Gibson County, Tennessee",13689,6786,5385,5227,108,53,1463,10720,5385,108,53,1506,4,4,0,37,0,27,0,520,6903,10612,55,2969,1506,10612,5227,55,1463,17,11,7,3230,196,1,12,20
"Giles County, Tennessee",21494,10607,7354,7071,39,18,3512,14464,7354,39,18,3518,10,3,0,23,0,36,0,589,10887,14425,21,7030,3518,14425,7071,21,3512,35,19,16,6294,483,0,24,165
"Grainger County, Tennessee",10572,5324,4719,4802,134,73,468,9655,4719,134,73,449,3,1,0,15,0,15,0,196,5248,9521,61,917,449,9521,4802,61,468,12,8,7,1295,119,0,14,0
"Greene County, Tennessee",16076,8030,7475,7444,151,77,497,15070,7475,151,77,509,8,9,3,18,0,32,1,196,8046,14919,74,1006,509,14919,7444,74,497,46,34,25,2591,285,0,17,98
"Hamilton County, Tennessee",8175,3869,3956,3542,93,38,295,7591,3956,93,38,289,5,0,0,30,0,40,0,133,4306,7498,55,584,289,7498,3542,55,295,8,0,0,1841,192,0,6,0
"Hardeman County, Tennessee",14563,7018,4740,4351,39,25,2791,9130,4740,39,25,2642,6,7,0,0,0,34,0,506,7545,9091,14,5433,2642,9091,4351,14,2791,28,21,14,4889,259,0,5,185
"Hardin County, Tennessee",8245,4041,3778,3609,32,13,407,7419,3778,32,13,419,5,0,6,26,0,13,0,176,4204,7387,19,826,419,7387,3609,19,407,22,12,12,2559,147,37,9,15
"Hawkins County, Tennessee",15035,7523,6727,6681,128,69,726,13536,6727,128,69,773,6,6,0,44,0,38,0,1037,7512,13408,59,1499,773,13408,6681,59,726,41,32,26,4081,356,0,40,20
"Haywood County, Tennessee",13870,6721,3998,3577,38,24,3137,7613,3998,38,24,3120,2,0,0,52,0,57,0,493,7149,7575,14,6257,3120,7575,3577,14,3137,10,14,14,4788,261,5,4,182
"Henderson County, Tennessee",11875,5827,5088,4823,10,5,955,9921,5088,10,5,999,2,2,0,25,0,26,0,265,6048,9911,5,1954,999,9911,4823,5,955,7,3,1,2131,158,0,6,0
"Henry County, Tennessee",14906,7358,5725,5489,15,5,1813,11229,5725,15,5,1864,4,0,0,33,0,43,0,531,7548,11214,10,3677,1864,11214,5489,10,1813,21,17,17,4616,258,0,13,77
"Hickman County, Tennessee",8618,4388,3579,3641,19,9,641,7239,3579,19,9,738,14,6,0,0,0,10,0,325,4230,7220,10,1379,738,7220,3641,10,641,32,15,9,1869,154,0,6,0
"Humphreys County, Tennessee",5195,2562,2304,2144,8,5,326,4456,2304,8,5,413,0,1,0,14,0,7,0,217,2633,4448,3,739,413,4448,2144,3,326,8,8,7,1468,73,4,6,0
"Jackson County, Tennessee",12872,6409,5808,5728,110,46,591,11646,5808,110,46,635,12,0,0,21,0,27,0,119,6463,11536,64,1226,635,11536,5728,64,591,38,19,19,3438,142,10,19,0
"Jefferson County, Tennessee",12076,6068,5338,5324,132,69,607,10794,5338,132,69,675,6,2,0,13,0,28,1,320,6008,10662,63,1282,675,10662,5324,63,607,21,10,8,3138,273,10,27,45
"Johnson County, Tennessee",2658,1346,1232,1261,4,2,78,2497,1232,4,2,83,0,0,5,2,0,1,0,0,1312,2493,2,161,83,2493,1261,2,78,8,7,7,599,110,0,3,0
"Knox County, Tennessee",15485,7733,6709,6669,173,93,963,13551,6709,173,93,971,4,6,0,103,1,58,1,69,7752,13378,80,1934,971,13378,6669,80,963,47,34,28,3733,469,9,30,112
"Lauderdale County, Tennessee",3435,1684,1279,1144,2,0,470,2425,1279,2,0,540,2,0,0,68,0,20,0,124,1751,2423,2,1010,540,2423,1144,2,470,5,2,2,1244,47,6,2,0
"Lawrence County, Tennessee",7121,3519,3248,3122,16,8,346,6386,3248,16,8,389,3,0,0,14,0,11,0,312,3602,6370,8,735,389,6370,3122,8,346,11,6,6,1891,160,0,8,0
"Lincoln County, Tennessee",21493,10803,8626,8591,55,27,2036,17272,8626,55,27,2185,9,8,1,57,2,82,0,1244,10690,17217,28,4221,2185,17217,8591,28,2036,48,41,33,6238,508,5,19,135
"McMinn County, Tennessee",12719,6375,5751,5699,28,14,579,11478,5751,28,14,662,6,0,0,42,0,25,0,222,6344,11450,14,1241,662,11450,5699,14,579,14,5,5,3256,268,0,18,99
"McNairy County, Tennessee",9385,4658,4349,4240,33,19,364,8622,4349,33,19,399,3,0,0,15,0,25,0,273,4727,8589,14,763,399,8589,4240,14,364,16,12,12,2902,86,1,9,34
"Madison County, Tennessee",16530,8146,5364,5056,37,21,3004,10457,5364,37,21,3069,2,1,0,51,0,66,0,512,8384,10420,16,6073,3069,10420,5056,16,3004,19,12,11,4222,404,4,5,103
"Marion County, Tennessee",6070,2979,2889,2769,22,9,189,5680,2889,22,9,201,3,1,0,6,0,11,0,700,3091,5658,13,390,201,5658,2769,13,189,14,6,5,1798,61,0,6,7
"Marshall County, Tennessee",14555,7268,5754,5714,12,5,1526,11480,5754,12,5,1549,13,0,0,28,1,23,0,743,7287,11468,7,3075,1549,11468,5714,7,1526,30,14,14,3095,202,0,21,0
"Maury County, Tennessee",28186,14005,8656,8434,94,46,5477,17184,8656,94,46,5525,11,3,0,68,0,64,1,703,14181,17090,48,11002,5525,17090,8434,48,5477,47,38,35,6729,572,1,19,326
"Meigs County, Tennessee",4794,2379,2271,2227,12,7,139,4510,2271,12,7,145,1,1,0,8,0,16,0,245,2415,4498,5,284,145,4498,2227,5,139,4,6,5,1172,69,9,2,0
"Monroe County, Tennessee",12056,6037,5535,5590,67,35,452,11192,5535,67,35,412,2,0,0,35,0,24,0,172,6019,11125,32,864,412,11125,5590,32,452,17,9,9,3309,198,3,16,77
"Montgomery County, Tennessee",16927,8128,5057,4705,106,52,3688,9868,5057,106,52,3371,6,2,10,81,0,39,0,379,8799,9762,54,7059,3371,9762,4705,54,3688,19,12,10,4867,818,42,8,127
"Morgan County, Tennessee",2660,1276,1327,1207,42,24,39,2576,1327,42,24,45,0,0,1,3,0,0,0,0,1384,2534,18,84,45,2534,1207,18,39,1,1,1,826,0,0,16,0
"Obion County, Tennessee",4814,2327,2178,2041,8,5,306,4227,2178,8,5,281,2,0,0,8,0,20,0,222,2487,4219,3,587,281,4219,2041,3,306,11,7,7,1413,39,12,1,160
"Overton County, Tennessee",9279,4724,4076,4258,56,27,450,8390,4076,56,27,439,3,4,0,15,0,18,0,648,4555,8334,29,889,439,8334,4258,29,450,23,17,13,6790,70,1,13,0
"Perry County, Tennessee",7419,3607,3445,3268,8,3,362,6721,3445,8,3,336,3,1,0,39,0,0,0,300,3812,6713,5,698,336,6713,3268,5,362,9,5,4,1814,27,0,10,113
"Polk County, Tennessee",3570,1744,1648,1601,17,6,167,3266,1648,17,6,137,5,0,0,11,0,3,0,38,1826,3249,11,304,137,3249,1601,11,167,12,7,7,1079,67,0,5,0
"Rhea County, Tennessee",3985,1973,1821,1759,28,15,178,3608,1821,28,15,199,3,0,0,7,0,12,0,0,2012,3580,13,377,199,3580,1759,13,178,6,1,1,1180,69,0,6,0
"Roane County, Tennessee",10948,5393,4873,4717,60,22,644,9650,4873,60,22,654,0,1,0,27,4,18,0,88,5555,9590,38,1298,654,9590,4717,38,644,0,9,8,2083,242,1,27,30
"Robertson County, Tennessee",13801,6817,5039,4938,34,17,1928,10011,5039,34,17,1862,1,0,4,32,0,19,0,0,6984,9977,17,3790,1862,9977,4938,17,1928,5,2,2,3604,212,0,12,0
"Rutherford County, Tennessee",24280,12060,7664,7378,166,82,4472,15208,7664,166,82,4600,6,0,0,70,0,65,0,633,12220,15042,84,9072,4600,15042,7378,84,4472,41,36,36,7563,592,0,32,244
"Sevier County, Tennessee",6442,3239,3005,3043,40,24,182,6088,3005,40,24,172,5,3,0,20,1,12,0,513,3203,6048,16,354,172,6048,3043,16,182,18,7,4,1322,123,1,8,23
"Shelby County, Tennessee",14721,7001,4104,3501,73,28,3571,7678,4104,73,28,3472,0,1,0,152,0,58,0,234,7720,7605,45,7043,3472,7605,3501,45,3571,1,3,2,3778,227,9,2,245
"Smith County, Tennessee",21179,10574,8347,8280,164,88,2182,16791,8347,164,88,2206,2,2,6,11,0,37,1,219,10605,16627,76,4388,2206,16627,8280,76,2182,12,15,13,5676,131,2,14,87
"Stewart County, Tennessee",8587,3884,3319,2998,153,74,1305,6470,3319,153,74,812,0,0,35,31,40,15,0,215,4703,6317,79,2117,812,6317,2998,79,1305,0,0,0,2780,810,20,4,0
"Sullivan County, Tennessee",10736,5378,4715,4789,195,99,547,9699,4715,195,99,490,2,0,4,31,0,23,0,700,5358,9504,96,1037,490,9504,4789,96,547,16,6,6,2755,382,0,32,120
"Sumner County, Tennessee",22445,11038,7592,7299,268,124,3671,15159,7592,268,124,3615,6,1,0,43,0,60,0,473,11407,14891,144,7286,3615,14891,7299,144,3671,28,20,19,5472,556,1,27,336
"Tipton County, Tennessee",6800,3210,1960,1677,31,13,1612,3668,1960,31,13,1520,5,0,0,55,0,36,0,140,3590,3637,18,3132,1520,3637,1677,18,1612,9,3,3,2186,101,4,4,55
"Warren County, Tennessee",10803,5390,4711,4655,88,52,666,9454,4711,88,52,683,2,0,0,10,0,12,0,1161,5413,9366,36,1349,683,9366,4655,36,666,4,2,2,2125,114,0,9,0
"Washington County, Tennessee",11751,5892,5269,5331,236,119,473,10836,5269,236,119,442,5,1,4,43,0,47,1,380,5859,10600,117,915,442,10600,5331,117,473,27,15,14,2690,499,0,18,34
"Wayne County, Tennessee",7705,3787,3632,3519,25,12,273,7176,3632,25,12,256,3,0,0,15,0,16,0,29,3918,7151,13,529,256,7151,3519,13,273,12,8,8,2013,92,0,6,0
"Weakley County, Tennessee",9870,4806,4172,3900,2,0,890,8074,4172,2,0,906,3,0,0,0,0,10,0,295,5064,8072,2,1796,906,8072,3900,2,890,8,4,4,2307,73,0,2,117
"White County, Tennessee",10747,5407,4799,4841,174,83,450,9814,4799,174,83,483,11,0,0,0,0,0,0,0,5340,9640,91,933,483,9640,4841,91,450,36,21,21,2710,36,0,25,0
"Williamson County, Tennessee",27006,13498,7911,7730,114,58,5541,15755,7911,114,58,5710,11,3,0,39,0,47,0,870,13508,15641,56,11251,5710,15641,7730,56,5541,40,22,19,6761,575,0,16,143
"Wilson County, Tennessee",24460,12036,9287,8916,269,128,2996,18472,9287,269,128,2992,2,2,0,54,4,117,0,887,12424,18203,141,5988,2992,18203,8916,141,2996,17,19,17,4546,388,0,23,0
Unorganized,NA,NA,NA,NA,NA,NA,NA,NA,NA,NA,NA,NA,NA,NA,NA,NA,NA,NA,NA,NA,NA,NA,NA,NA,NA,NA,NA,NA,NA,NA,NA,NA,NA,NA,NA,NA,NA
"Addison County, Vermont",23583,11733,11796,11676,111,57,0,23583,11796,111,57,0,10,7,1,100,0,116,1,6449,11850,23472,54,0,0,23472,11676,54,0,44,28,21,4671,1076,11,84,134
"Bennington County, Vermont",16872,8314,8503,8268,101,46,0,16872,8503,101,46,0,10,13,21,83,2,84,0,3894,8558,16771,55,0,0,16771,8268,55,0,49,29,16,3097,945,0,87,275
"Caledonia County, Vermont",21891,10947,10941,10936,14,11,0,21891,10941,14,11,0,8,12,0,4,5,103,0,7398,10944,21877,3,0,0,21877,10936,3,0,54,38,26,6094,913,0,80,322
"Chittenden County, Vermont",22977,11381,11557,11338,82,43,0,22977,11557,82,43,0,9,10,0,136,3,107,1,5170,11596,22895,39,0,0,22895,11338,39,0,46,28,18,4498,1027,73,81,256
"Essex County, Vermont",4226,2099,2121,2097,8,2,0,4226,2121,8,2,0,5,3,0,9,0,18,0,1345,2127,4218,6,0,0,4218,2097,6,0,10,3,0,938,90,0,26,101
"Franklin County, Vermont",24531,12080,12420,12053,58,27,0,24531,12420,58,27,0,6,1,0,81,8,106,0,4361,12451,24473,31,0,0,24473,12053,31,0,13,3,2,4140,638,0,55,148
"Grand Isle County, Vermont",3883,1924,1959,1924,0,0,0,3883,1959,0,0,0,2,0,4,16,0,19,0,1601,1959,3883,0,0,0,3883,1924,0,0,4,0,0,783,84,17,5,0
"Lamoille County, Vermont",10475,5124,5351,5121,3,3,0,10475,5351,3,3,0,4,4,1,68,0,49,0,3216,5351,10472,0,0,0,10472,5121,0,0,26,14,10,2986,369,0,43,100
"Orange County, Vermont",27873,13981,13882,13970,21,11,0,27873,13882,21,11,0,17,12,0,132,1,166,0,9622,13892,27852,10,0,0,27852,13970,10,0,58,34,22,6558,893,34,155,994
"Orleans County, Vermont",13634,6758,6871,6752,11,6,0,13634,6871,11,6,0,2,5,0,83,1,51,0,3916,6876,13623,5,0,0,13623,6752,5,0,24,18,13,4265,384,0,46,111
"Rutland County, Vermont",30699,15224,15414,15155,130,69,0,30699,15414,130,69,0,10,11,37,129,3,164,0,10330,15475,30569,61,0,0,30569,15155,61,0,46,29,18,6595,1156,3,127,382
"Washington County, Vermont",23506,11753,11742,11743,21,10,0,23506,11742,21,10,0,11,1,0,136,0,105,0,3323,11753,23485,11,0,0,23485,11743,11,0,35,14,13,7105,1403,0,75,231
"Windham County, Vermont",27442,13713,13713,13695,34,18,0,27442,13713,34,18,0,22,48,0,122,3,178,0,9138,13729,27408,16,0,0,27408,13695,16,0,153,124,76,10201,1850,3,198,501
"Windsor County, Vermont",40356,20175,20108,20112,136,63,0,40356,20108,136,63,0,19,21,13,204,15,297,1,13054,20181,40220,73,0,0,40220,20112,73,0,72,49,28,11219,2346,5,258,558
"Accomack County, Virginia",17096,8712,4673,4945,2848,1492,2355,12466,4673,2848,1492,2275,16,7,3,107,151,46,0,751,8384,9618,1356,4630,2275,9618,4945,1356,2355,33,34,27,5597,400,73,4,0
"Albemarle County, Virginia",22924,11250,5354,5158,603,306,6023,11115,5354,603,306,5786,7,1,1,168,1,99,1,386,11674,10512,297,11809,5786,10512,5158,297,6023,30,19,18,6445,904,106,21,400
"Alleghany County, Virginia",2749,1283,1121,1021,60,33,318,2202,1121,60,33,229,1,0,5,7,0,17,0,88,1466,2142,27,547,229,2142,1021,27,318,6,6,6,656,111,0,3,0
"Amelia County, Virginia",10320,5187,1496,1578,223,121,3535,3297,1496,223,121,3488,1,2,0,0,0,31,0,156,5133,3074,102,7023,3488,3074,1578,102,3535,10,16,14,3339,463,15,4,50
"Amherst County, Virginia",12576,6214,3279,3147,373,193,2903,6799,3279,373,193,2874,6,1,0,92,0,77,0,266,6362,6426,180,5777,2874,6426,3147,180,2903,26,23,22,4085,612,125,13,408
"Augusta County, Virginia",19628,9630,7649,7423,421,233,2161,15493,7649,421,233,1974,20,60,0,0,0,60,0,633,9998,15072,188,4135,1974,15072,7423,188,2161,118,85,25,3117,902,0,13,60
"Bath County, Virginia",4300,2149,1601,1569,83,41,508,3253,1601,83,41,539,2,2,0,14,0,9,0,155,2151,3170,42,1047,539,3170,1569,42,508,8,9,7,1127,141,0,8,0
"Bedford County, Virginia",20203,9875,5600,5416,323,149,4554,11339,5600,323,149,4310,3,1,0,24,0,22,0,266,10328,11016,174,8864,4310,11016,5416,174,4554,11,11,10,5627,322,0,34,30
"Berkeley County, Virginia",10972,5203,4631,4129,293,136,981,9053,4631,293,136,938,3,7,0,55,2,44,0,612,5769,8760,157,1919,938,8760,4129,157,981,41,33,26,2024,733,8,7,115
"Botetourt County, Virginia",11679,5821,4157,4220,377,187,1511,8754,4157,377,187,1414,3,1,12,51,0,36,0,0,5858,8377,190,2925,1414,8377,4220,190,1511,10,6,5,2819,569,60,10,0
"Braxton County, Virginia",2575,1264,1281,1228,2,1,29,2511,1281,2,1,35,0,1,0,3,0,0,0,0,1311,2509,1,64,35,2509,1228,1,29,0,1,0,746,43,0,1,0
"Brooke County, Virginia",7948,3911,3955,3825,77,38,43,7857,3955,77,38,48,1,2,12,35,0,29,0,600,4037,7780,39,91,48,7780,3825,39,43,1,3,1,1219,425,27,9,140
"Brunswick County, Virginia",14346,7115,2459,2519,563,271,4480,5541,2459,563,271,4325,10,0,0,17,0,41,0,126,7231,4978,292,8805,4325,4978,2519,292,4480,18,9,9,3318,217,0,5,156
"Buckingham County, Virginia",18786,9101,3643,3680,449,218,5811,7772,3643,449,218,5203,1,1,59,40,15,82,1,356,9685,7323,231,11014,5203,7323,3680,231,5811,17,28,27,5762,2123,328,15,300
"Cabell County, Virginia",8163,4024,3853,3721,22,10,274,7596,3853,22,10,293,2,2,0,31,0,13,0,324,4139,7574,12,567,293,7574,3721,12,274,10,6,4,2483,132,6,13,15
"Campbell County, Virginia",21030,10288,5205,5008,772,410,5175,10985,5205,772,410,4870,1,0,2,70,0,88,0,389,10742,10213,362,10045,4870,10213,5008,362,5175,3,3,3,4894,494,5,18,195
"Caroline County, Virginia",17813,9268,3227,3498,774,412,4956,7499,3227,774,412,5358,4,1,0,39,2,52,0,219,8545,6725,362,10314,5358,6725,3498,362,4956,9,11,10,5696,341,0,17,370
"Charles City County, Virginia",4774,2354,829,842,670,334,1255,2341,829,670,334,1178,0,0,0,8,5,8,0,87,2420,1671,336,2433,1178,1671,842,336,1255,1,1,1,1302,73,0,0,53
"Charlotte County, Virginia",14595,7240,2450,2580,305,158,4758,5335,2450,305,158,4502,2,3,0,40,0,26,0,555,7355,5030,147,9260,4502,5030,2580,147,4758,14,13,10,4945,3234,2,21,6
"Chesterfield County, Virginia",17148,8614,3690,4169,587,338,4595,8446,3690,587,338,4107,3,1,559,29,1,13,0,420,8534,7859,249,8702,4107,7859,4169,249,4595,18,14,13,3705,1107,22,14,0
"Clarke County, Virginia",6353,3089,1420,1447,161,88,1771,3028,1420,161,88,1554,0,0,0,12,0,0,0,114,3264,2867,73,3325,1554,2867,1447,73,1771,6,5,5,1278,211,0,1,167
"Culpeper County, Virginia",11393,5736,2412,2521,391,214,3068,5324,2412,391,214,3001,2,4,18,42,0,84,0,617,5657,4933,177,6069,3001,4933,2521,177,3068,14,13,9,3371,439,0,26,152
"Cumberland County, Virginia",10399,5047,1611,1652,355,170,3556,3618,1611,355,170,3225,0,5,0,54,0,43,0,263,5352,3263,185,6781,3225,3263,1652,185,3556,6,14,9,2955,515,76,3,0
"Dinwiddie County, Virginia",22558,11267,4987,4860,2764,1479,5019,12611,4987,2764,1479,4928,4,3,0,420,7,96,0,279,11291,9847,1285,9947,4928,9847,4860,1285,5019,35,26,23,3853,2331,59,14,615
"Elizabeth City County, Virginia",3706,1786,972,982,44,21,925,1998,972,44,21,783,1,0,0,32,2,25,0,109,1920,1954,23,1708,783,1954,982,23,925,3,2,2,837,107,65,0,165
"Essex County, Virginia",11309,5817,1865,2090,598,318,3347,4553,1865,598,318,3409,4,1,0,29,0,25,0,208,5492,3955,280,6756,3409,3955,2090,280,3347,7,2,1,3499,140,9,6,71
"Fairfax County, Virginia",9370,4769,2675,2794,448,237,1715,5917,2675,448,237,1738,0,1,0,0,0,18,2,245,4601,5469,211,3453,1738,5469,2794,211,1715,1,2,1,3295,77,0,1,20
"Fauquier County, Virginia",21897,11053,5147,5354,688,360,5369,11189,5147,688,360,5339,5,3,0,87,0,100,0,1208,10844,10501,328,10708,5339,10501,5354,328,5369,36,31,28,6048,887,0,20,313
"Fayette County, Virginia",3924,1883,1969,1804,18,11,65,3791,1969,18,11,68,7,0,0,14,0,13,0,0,2041,3773,7,133,68,3773,1804,7,65,14,4,4,1010,85,0,3,0
"Floyd County, Virginia",4453,2270,2037,2086,9,6,143,4132,2037,9,6,178,7,0,0,7,0,2,0,160,2183,4123,3,321,178,4123,2086,3,143,13,3,3,1201,95,0,3,0
"Fluvanna County, Virginia",8812,4382,2214,2231,221,118,2113,4666,2214,221,118,2033,2,2,8,24,0,29,0,418,4430,4445,103,4146,2033,4445,2231,103,2113,10,4,2,2731,350,109,14,0
"Franklin County, Virginia",15832,8103,5184,5316,174,91,2462,10674,5184,174,91,2696,2,3,10,20,0,23,0,367,7729,10500,83,5158,2696,10500,5316,83,2462,21,21,18,4867,606,0,21,0
"Frederick County, Virginia",14242,7117,5579,5540,821,421,1146,11940,5579,821,421,1156,5,1,0,94,0,44,0,134,7125,11119,400,2302,1156,11119,5540,400,1146,22,9,8,2365,680,0,7,140
"Giles County, Virginia",5307,2642,2356,2328,49,18,278,4733,2356,49,18,296,0,3,0,15,0,9,0,193,2665,4684,31,574,296,4684,2328,31,278,12,11,8,1525,114,0,4,30
"Gloucester County, Virginia",10715,5354,2214,2198,612,320,2855,5024,2214,612,320,2836,0,0,0,42,13,21,0,216,5361,4412,292,5691,2836,4412,2198,292,2855,6,4,4,2980,269,33,3,98
"Goochland County, Virginia",9760,4758,1748,1822,690,342,2906,4260,1748,690,342,2594,1,1,151,835,10,24,0,139,5002,3570,348,5500,2594,3570,1822,348,2906,6,4,3,700,275,46,25,0
"Grayson County, Virginia",9087,4451,4367,4175,53,24,240,8595,4367,53,24,252,4,1,1,18,0,4,0,252,4636,8542,29,492,252,8542,4175,29,240,19,12,11,491,108,0,7,120
"Greenbrier County, Virginia",8695,4292,3673,3614,194,94,630,7481,3673,194,94,584,2,5,0,36,0,58,0,505,4403,7287,100,1214,584,7287,3614,100,630,13,14,9,1908,347,0,5,28
"Greene County, Virginia",4232,2115,1252,1195,45,25,845,2492,1252,45,25,895,3,0,0,20,0,32,0,136,2117,2447,20,1740,895,2447,1195,20,845,9,10,10,1445,156,0,11,135
"Greensville County, Virginia",6366,3150,934,994,136,57,2203,2064,934,136,57,2099,0,0,0,13,0,14,0,170,3216,1928,79,4302,2099,1928,994,79,2203,9,5,5,2152,135,0,2,30
"Halifax County, Virginia",25936,12808,5535,5610,575,285,7303,11720,5535,575,285,6913,4,7,0,45,0,71,1,511,13128,11145,290,14216,6913,11145,5610,290,7303,21,23,16,7811,584,60,22,298
"Hampshire County, Virginia",12295,5760,5706,4997,189,91,731,10892,5706,189,91,672,9,2,0,53,0,45,0,522,6535,10703,98,1403,672,10703,4997,98,731,28,15,13,2507,1011,0,15,55
"Hanover County, Virginia",14968,7708,2940,3322,312,163,4171,6574,2940,312,163,4223,7,0,0,9,1,61,0,0,7260,6262,149,8394,4223,6262,3322,149,4171,22,10,10,6405,279,2,9,417
"Hardy County, Virginia",7622,3774,3069,3031,391,203,591,6491,3069,391,203,540,9,3,3,24,0,14,0,218,3848,6100,188,1131,540,6100,3031,188,591,24,22,19,1755,267,0,9,0
"Harrison County, Virginia",17669,8884,8418,8432,126,75,316,16976,8418,126,75,377,14,2,0,70,0,82,1,436,8785,16850,51,693,377,16850,8432,51,316,44,22,20,4616,428,1,24,0
"Henrico County, Virginia",33076,16097,8516,8384,2939,1586,7110,19839,8516,2939,1586,6127,11,6,251,693,12,161,1,928,16979,16900,1353,13237,6127,16900,8384,1353,7110,30,14,8,2261,4059,0,9,934
"Henry County, Virginia",7335,3709,2146,2097,240,129,1369,4483,2146,240,129,1483,12,1,0,17,0,26,0,412,3626,4243,111,2852,1483,4243,2097,111,1369,22,7,6,2410,233,0,11,54
"Isle Of Wight County, Virginia",9972,4937,2367,2551,1268,664,2064,6186,2367,1268,664,1722,3,5,0,43,0,13,0,369,5035,4918,604,3786,1722,4918,2551,604,2064,16,12,7,2872,273,22,2,31
"Jackson County, Virginia",4890,2301,2547,2256,0,0,42,4803,2547,0,0,45,3,0,NA,NA,NA,NA,0,153,2589,4803,0,87,45,4803,2256,0,42,6,2,2,NA,NA,NA,7,0
"James City County, Virginia",3779,1832,699,626,507,278,1019,1832,699,507,278,928,0,74,0,5,0,10,1,93,1947,1325,229,1947,928,1325,626,229,1019,84,82,8,856,51,3,0,36
"Jefferson County, Virginia",14082,6600,4981,4342,602,303,2202,9925,4981,602,303,1955,4,8,42,13,0,72,0,475,7482,9323,299,4157,1955,9323,4342,299,2202,28,22,14,1591,808,11,2,262
"Kanawha County, Virginia",13567,6153,5834,5076,97,36,1519,11007,5834,97,36,1041,2,0,160,85,5,24,0,408,7414,10910,61,2560,1041,10910,5076,61,1519,2,0,0,7731,1085,287,1,0
"King And Queen County, Virginia",10862,5562,2120,2306,499,245,2926,4925,2120,499,245,3011,2,0,0,82,25,53,0,196,5300,4426,254,5937,3011,4426,2306,254,2926,13,10,10,3693,322,17,4,252
"King George County, Virginia",5927,3046,1063,1206,276,144,1686,2545,1063,276,144,1696,2,0,0,12,2,17,0,152,2881,2269,132,3382,1696,2269,1206,132,1686,7,2,2,1927,148,25,2,37
"King William County, Virginia",9258,4838,1521,1629,328,172,2743,3478,1521,328,172,3037,9,0,0,28,5,25,0,68,4420,3150,156,5780,3037,3150,1629,156,2743,16,8,8,2965,260,24,3,281
"Lancaster County, Virginia",4628,2381,929,974,247,136,1207,2150,929,247,136,1271,0,2,0,0,0,0,0,140,2247,1903,111,2478,1271,1903,974,111,1207,6,4,2,1047,0,17,0,0
"Lee County, Virginia",8441,4202,3949,3880,32,15,273,7861,3949,32,15,307,0,4,0,9,0,0,0,138,4239,7829,17,580,307,7829,3880,17,273,10,7,3,2208,56,0,5,0
"Lewis County, Virginia",8151,4007,4067,3922,38,17,56,8027,4067,38,17,68,1,1,0,17,0,18,0,219,4144,7989,21,124,68,7989,3922,21,56,5,6,5,1948,75,0,12,0
"Logan County, Virginia",4309,2063,2167,1992,0,0,79,4159,2167,0,0,71,0,3,NA,NA,NA,NA,0,370,2246,4159,0,150,71,4159,1992,0,79,4,4,1,NA,NA,NA,3,0
"Loudoun County, Virginia",20431,10333,6792,7048,1318,680,2668,15158,6792,1318,680,2605,11,17,0,157,0,101,0,1008,10098,13840,638,5273,2605,13840,7048,638,2668,66,56,39,3072,970,6,19,266
"Louisa County, Virginia",15433,7787,2948,3099,376,203,4525,6423,2948,376,203,4485,1,4,83,38,1,46,0,591,7646,6047,173,9010,4485,6047,3099,173,4525,26,29,25,7336,446,0,12,0
"Lunenburg County, Virginia",11055,5569,1996,2136,216,113,3387,4348,1996,216,113,3320,1,2,0,14,0,26,0,230,5486,4132,103,6707,3320,4132,2136,103,3387,8,9,7,3432,315,0,9,0
"Madison County, Virginia",8107,4024,1807,1922,70,34,2240,3799,1807,70,34,2068,0,2,0,18,0,6,0,356,4083,3729,36,4308,2068,3729,1922,36,2240,4,2,0,2387,212,0,9,41
"Marshall County, Virginia",6937,3477,3417,3437,37,20,26,6891,3417,37,20,20,0,1,4,17,0,18,0,70,3460,6854,17,46,20,6854,3437,17,26,0,5,4,1847,144,2,5,0
"Mason County, Virginia",6777,3262,3076,2847,46,23,416,5969,3076,46,23,392,0,5,5,23,0,19,0,241,3515,5923,23,808,392,5923,2847,23,416,12,11,6,1925,162,16,9,0
"Matthews County, Virginia",7442,3915,1861,2108,164,92,1594,4133,1861,164,92,1715,5,3,0,35,42,19,0,257,3527,3969,72,3309,1715,3969,2108,72,1594,17,11,8,1852,392,136,16,92
"Mecklenburg County, Virginia",20724,10206,3878,3876,1055,541,6126,8809,3878,1055,541,5789,4,4,0,70,0,38,1,334,10518,7754,514,11915,5789,7754,3876,514,6126,21,14,10,6572,645,36,9,186
"Mercer County, Virginia",2233,1112,1067,1060,8,4,50,2135,1067,8,4,48,2,0,0,0,0,0,0,24,1121,2127,4,98,48,2127,1060,4,50,2,0,0,632,6,0,1,0
"Middlesex County, Virginia",4392,2254,996,1045,142,72,1072,2183,996,142,72,1137,0,1,1,23,0,11,0,202,2138,2041,70,2209,1137,2041,1045,70,1072,2,7,6,1273,407,35,2,0
"Monongalia County, Virginia",17368,8723,8442,8520,146,74,131,17108,8442,146,74,129,17,3,130,51,0,56,0,629,8645,16962,72,260,129,16962,8520,72,131,41,11,8,3752,450,0,16,14
"Monroe (W.Va.) County, Virginia",8422,4213,3728,3729,97,56,440,7554,3728,97,56,428,4,1,0,29,0,19,0,119,4209,7457,41,868,428,7457,3729,41,440,26,17,16,2260,235,1,13,60
"Montgomery County, Virginia",7405,3610,3000,2825,87,45,753,5912,3000,87,45,740,5,0,0,22,0,28,0,402,3795,5825,42,1493,740,5825,2825,42,753,12,9,9,318,196,0,17,40
"Morgan County, Virginia",4253,1725,2462,1651,6,2,62,4119,2462,6,2,72,1,0,32,27,0,88,0,347,2528,4113,4,134,72,4113,1651,4,62,1,2,2,1428,185,0,1,0
"Nansemond County, Virginia",10795,5395,2374,2484,1407,738,2357,6265,2374,1407,738,2173,0,0,0,58,7,24,0,270,5400,4858,669,4530,2173,4858,2484,669,2357,2,0,0,2911,149,16,4,154
"Nelson County, Virginia",12287,5991,3172,2996,152,79,3051,6320,3172,152,79,2916,1,5,50,46,0,22,0,265,6296,6168,73,5967,2916,6168,2996,73,3051,13,6,1,3830,381,143,13,70
"New Kent County, Virginia",6230,3230,1227,1245,373,213,1613,2845,1227,373,213,1772,1,0,0,18,0,0,0,287,3000,2472,160,3385,1772,2472,1245,160,1613,5,1,1,1914,60,0,3,0
"Nicholas County, Virginia",2515,1213,1263,1177,3,2,38,2443,1263,3,2,34,2,0,0,6,0,9,0,77,1302,2440,1,72,34,2440,1177,1,38,8,5,5,734,40,0,0,0
"Norfolk County, Virginia",27569,14488,7413,8031,2390,1331,4609,17834,7413,2390,1331,5126,7,10,0,426,143,149,0,735,13081,15444,1059,9735,5126,15444,8031,1059,4609,25,23,13,3364,1518,68,4,775
"Northampton County, Virginia",7715,3891,1647,1694,754,415,1838,4095,1647,754,415,1782,2,0,0,48,88,15,0,186,3824,3341,339,3620,1782,3341,1694,339,1838,15,20,20,3896,482,0,3,0
"Northumberland County, Virginia",7924,3967,2024,2010,647,323,1609,4681,2024,647,323,1634,1,3,0,40,5,17,0,180,3957,4034,324,3243,1634,4034,2010,324,1609,8,3,0,2032,143,182,0,106
"Nottoway County, Virginia",9719,4857,1236,1254,158,88,3556,2648,1236,158,88,3515,1,5,0,0,0,12,0,195,4862,2490,70,7071,3515,2490,1254,70,3556,14,8,3,2718,0,0,0,0
"Ohio County, Virginia",13357,6549,6579,6263,303,155,81,13145,6579,303,155,131,2,3,85,242,0,57,0,999,6808,12842,148,212,131,12842,6263,148,81,10,6,3,1110,1259,162,3,90
"Orange County, Virginia",9125,4599,1747,1828,186,89,2682,3761,1747,186,89,2682,5,2,31,29,0,11,0,347,4526,3575,97,5364,2682,3575,1828,97,2682,17,18,16,2944,341,0,10,41
"Page County, Virginia",6194,3024,2625,2572,216,102,431,5413,2625,216,102,350,9,0,12,19,0,24,0,257,3170,5197,114,781,350,5197,2572,114,431,15,6,6,1389,401,12,5,0
"Patrick County, Virginia",8032,4050,3050,3037,103,49,878,6190,3050,103,49,964,2,2,0,8,0,5,0,120,3982,6087,54,1842,964,6087,3037,54,878,8,7,5,2165,147,0,10,0
"Pendelton County, Virginia",6940,3422,3269,3176,33,18,234,6478,3269,33,18,228,3,3,0,11,0,25,0,235,3518,6445,15,462,228,6445,3176,15,234,30,25,22,2072,158,0,10,0
"Pittsylvania County, Virginia",26398,13160,7068,7215,557,299,5912,14840,7068,557,299,5646,4,6,0,110,0,39,0,817,13238,14283,258,11558,5646,14283,7215,258,5912,29,23,17,7710,1087,29,22,195
"Pocahontas County, Virginia",2922,1462,1335,1349,19,8,114,2703,1335,19,8,105,2,1,0,7,0,2,0,133,1460,2684,11,219,105,2684,1349,11,114,9,8,7,805,53,0,3,0
"Powhatan County, Virginia",7924,3855,1190,1242,363,189,2705,2795,1190,363,189,2424,0,2,80,29,1,19,0,94,4069,2432,174,5129,2424,2432,1242,174,2705,3,3,1,2242,228,47,9,125
"Preston County, Virginia",6866,3361,3445,3298,32,17,45,6775,3445,32,17,46,3,2,0,11,0,9,0,0,3505,6743,15,91,46,6743,3298,15,45,4,3,1,1344,163,1,8,0
"Prince Edward County, Virginia",14069,6722,2445,2478,570,275,4607,5493,2445,570,275,3969,1,0,0,99,0,70,2,465,7347,4923,295,8576,3969,4923,2478,295,4607,10,13,13,4058,4411,112,15,52
"Prince George County, Virginia",7175,3533,1329,1363,469,239,2083,3161,1329,469,239,1931,2,3,0,39,8,14,0,117,3642,2692,230,4014,1931,2692,1363,230,2083,6,4,1,1940,158,0,4,0
"Princess Anne County, Virginia",7285,3548,2027,1969,202,96,1604,4198,2027,202,96,1483,2,0,0,0,0,12,0,179,3737,3996,106,3087,1483,3996,1969,106,1604,7,6,6,2277,40,0,2,49
"Prince William County, Virginia",8144,4104,2407,2460,510,275,1398,5377,2407,510,275,1369,2,1,0,29,0,27,0,113,4040,4867,235,2767,1369,4867,2460,235,1398,6,6,5,1613,216,50,3,0
"Pulaski County, Virginia",3739,1867,1373,1395,17,9,491,2785,1373,17,9,463,1,1,0,0,0,6,0,136,1872,2768,8,954,463,2768,1395,8,491,5,2,1,1525,142,0,3,0
"Randolph County, Virginia",6208,3057,2954,2845,193,93,97,5992,2954,193,93,119,4,2,0,20,0,20,0,108,3151,5799,100,216,119,5799,2845,100,97,18,13,11,1677,119,0,5,0
"Rappahannock County, Virginia",9257,4719,2596,2711,287,147,1802,5594,2596,287,147,1861,4,0,0,27,0,44,0,453,4538,5307,140,3663,1861,5307,2711,140,1802,13,9,9,2704,336,0,15,49
"Richmond County, Virginia",5965,3047,1517,1575,510,252,1143,3602,1517,510,252,1220,2,0,0,0,0,10,0,170,2918,3092,258,2363,1220,3092,1575,258,1143,4,2,2,1695,87,13,3,0
"Roanoke County, Virginia",5499,2701,1934,1911,101,43,806,3946,1934,101,43,747,2,0,0,36,0,22,0,98,2798,3845,58,1553,747,3845,1911,58,806,14,9,9,1363,213,0,4,104
"Rockbridge County, Virginia",14284,6939,5308,5140,326,167,1878,10774,5308,326,167,1632,2,0,8,69,1,65,1,740,7345,10448,159,3510,1632,10448,5140,159,1878,18,12,12,2896,1012,44,8,153
"Rockingham County, Virginia",17344,8625,7487,7457,501,253,984,15445,7487,501,253,915,12,1,1,59,0,43,0,799,8719,14944,248,1899,915,14944,7457,248,984,58,36,35,3242,809,13,15,45
"Russell County, Virginia",7878,3961,3575,3577,26,15,331,7178,3575,26,15,369,6,0,0,14,0,26,0,41,3917,7152,11,700,369,7152,3577,11,331,22,14,14,2282,140,2,10,0
"Scott County, Virginia",7303,3636,3476,3435,48,22,165,6959,3476,48,22,179,2,3,0,13,0,7,0,206,3667,6911,26,344,179,6911,3435,26,165,10,8,5,2098,61,0,7,0
"Shenandoah County, Virginia",11618,5745,5160,5160,265,129,577,10585,5160,265,129,456,20,7,22,57,0,41,0,247,5873,10320,136,1033,456,10320,5160,136,577,40,20,13,1510,666,0,3,108
"Smyth County, Virginia",6522,3339,2711,2828,145,92,419,5684,2711,145,92,419,3,4,3,24,0,32,0,198,3183,5539,53,838,419,5539,2828,53,419,16,8,4,1551,285,0,5,100
"Southampton County, Virginia",14525,7264,2980,3191,1799,961,3443,7970,2980,1799,961,3112,9,2,0,10,0,24,0,409,7261,6171,838,6555,3112,6171,3191,838,3443,19,10,8,4557,205,0,5,40
"Spotsylvania County, Virginia",15161,7934,3210,3576,785,445,3677,7571,3210,785,445,3913,5,5,0,135,26,113,0,234,7227,6786,340,7590,3913,6786,3576,340,3677,14,15,10,3483,624,17,17,415
"Stafford County, Virginia",8454,4153,2165,2324,369,175,1942,4858,2165,369,175,1654,1,0,105,41,1,12,0,186,4301,4489,194,3596,1654,4489,2324,194,1942,3,1,1,2431,231,18,4,0
"Surry County, Virginia",6480,3249,1238,1319,1070,569,1492,3627,1238,1070,569,1361,1,1,0,19,0,14,0,195,3231,2557,501,2853,1361,2557,1319,501,1492,4,7,6,2290,161,7,2,0
"Sussex County, Virginia",11229,5553,1690,1894,811,411,3586,4395,1690,811,411,3248,5,0,0,9,0,18,0,198,5676,3584,400,6834,3248,3584,1894,400,3586,14,8,8,3596,147,0,6,165
"Tazewell County, Virginia",6290,3115,2755,2711,38,18,400,5504,2755,38,18,386,7,0,0,14,0,12,0,0,3175,5466,20,786,386,5466,2711,20,400,13,4,4,1888,56,0,7,0
"Tyler County, Virginia",6954,3421,3499,3365,5,2,31,6869,3499,5,2,54,6,2,0,18,0,9,0,416,3533,6864,3,85,54,6864,3365,3,31,26,13,11,1979,177,3,12,0
"Warren County, Virginia",5627,2814,1953,1898,342,182,700,4193,1953,342,182,734,3,2,0,25,0,25,0,220,2813,3851,160,1434,734,3851,1898,160,700,22,17,15,1382,314,7,8,14
"Warwick County, Virginia",1456,726,323,281,21,12,398,625,323,21,12,433,0,0,0,5,0,1,0,52,730,604,9,831,433,604,281,9,398,0,0,0,480,0,8,0,0
"Washington County, Virginia",13001,6530,5336,5395,212,108,1031,10943,5336,212,108,1027,12,4,0,38,0,72,1,551,6471,10731,104,2058,1027,10731,5395,104,1031,54,36,32,3180,423,0,13,0
"Westmoreland County, Virginia",8019,3965,1768,1698,963,509,1832,4429,1768,963,509,1758,4,0,0,34,0,16,0,127,4054,3466,454,3590,1758,3466,1698,454,1832,6,5,5,2127,94,83,9,36
"Wood County, Virginia",7923,3829,3745,3498,56,24,317,7299,3745,56,24,307,4,0,0,46,0,23,0,307,4094,7243,32,624,307,7243,3498,32,317,6,2,2,1651,173,1,5,319
"Wythe County, Virginia",9375,4690,3788,3844,125,60,832,7757,3788,125,60,786,8,3,46,0,0,0,0,269,4685,7632,65,1618,786,7632,3844,65,832,15,6,3,1779,208,0,2,40
"York County, Virginia",4720,2339,997,961,650,330,1064,2608,997,650,330,1048,0,0,0,0,0,25,0,170,2381,1958,320,2112,1048,1958,961,320,1064,1,1,1,2231,52,39,0,0
Brown,NA,NA,NA,NA,NA,NA,NA,NA,NA,NA,NA,NA,NA,NA,NA,NA,NA,NA,NA,NA,NA,NA,NA,NA,NA,NA,NA,NA,NA,NA,NA,NA,NA,NA,NA,NA,NA
Calumet,NA,NA,NA,NA,NA,NA,NA,NA,NA,NA,NA,NA,NA,NA,NA,NA,NA,NA,NA,NA,NA,NA,NA,NA,NA,NA,NA,NA,NA,NA,NA,NA,NA,NA,NA,NA,NA
Crawford,NA,NA,NA,NA,NA,NA,NA,NA,NA,NA,NA,NA,NA,NA,NA,NA,NA,NA,NA,NA,NA,NA,NA,NA,NA,NA,NA,NA,NA,NA,NA,NA,NA,NA,NA,NA,NA
Dane,NA,NA,NA,NA,NA,NA,NA,NA,NA,NA,NA,NA,NA,NA,NA,NA,NA,NA,NA,NA,NA,NA,NA,NA,NA,NA,NA,NA,NA,NA,NA,NA,NA,NA,NA,NA,NA
Dodge,NA,NA,NA,NA,NA,NA,NA,NA,NA,NA,NA,NA,NA,NA,NA,NA,NA,NA,NA,NA,NA,NA,NA,NA,NA,NA,NA,NA,NA,NA,NA,NA,NA,NA,NA,NA,NA
Fond Du Lac,NA,NA,NA,NA,NA,NA,NA,NA,NA,NA,NA,NA,NA,NA,NA,NA,NA,NA,NA,NA,NA,NA,NA,NA,NA,NA,NA,NA,NA,NA,NA,NA,NA,NA,NA,NA,NA
Grant,NA,NA,NA,NA,NA,NA,NA,NA,NA,NA,NA,NA,NA,NA,NA,NA,NA,NA,NA,NA,NA,NA,NA,NA,NA,NA,NA,NA,NA,NA,NA,NA,NA,NA,NA,NA,NA
Green,NA,NA,NA,NA,NA,NA,NA,NA,NA,NA,NA,NA,NA,NA,NA,NA,NA,NA,NA,NA,NA,NA,NA,NA,NA,NA,NA,NA,NA,NA,NA,NA,NA,NA,NA,NA,NA
Iowa,NA,NA,NA,NA,NA,NA,NA,NA,NA,NA,NA,NA,NA,NA,NA,NA,NA,NA,NA,NA,NA,NA,NA,NA,NA,NA,NA,NA,NA,NA,NA,NA,NA,NA,NA,NA,NA
Indian Lands (no data),NA,NA,NA,NA,NA,NA,NA,NA,NA,NA,NA,NA,NA,NA,NA,NA,NA,NA,NA,NA,NA,NA,NA,NA,NA,NA,NA,NA,NA,NA,NA,NA,NA,NA,NA,NA,NA
Jefferson,NA,NA,NA,NA,NA,NA,NA,NA,NA,NA,NA,NA,NA,NA,NA,NA,NA,NA,NA,NA,NA,NA,NA,NA,NA,NA,NA,NA,NA,NA,NA,NA,NA,NA,NA,NA,NA
Manitowoc,NA,NA,NA,NA,NA,NA,NA,NA,NA,NA,NA,NA,NA,NA,NA,NA,NA,NA,NA,NA,NA,NA,NA,NA,NA,NA,NA,NA,NA,NA,NA,NA,NA,NA,NA,NA,NA
Marquette,NA,NA,NA,NA,NA,NA,NA,NA,NA,NA,NA,NA,NA,NA,NA,NA,NA,NA,NA,NA,NA,NA,NA,NA,NA,NA,NA,NA,NA,NA,NA,NA,NA,NA,NA,NA,NA
Milwaukee,NA,NA,NA,NA,NA,NA,NA,NA,NA,NA,NA,NA,NA,NA,NA,NA,NA,NA,NA,NA,NA,NA,NA,NA,NA,NA,NA,NA,NA,NA,NA,NA,NA,NA,NA,NA,NA
Portage,NA,NA,NA,NA,NA,NA,NA,NA,NA,NA,NA,NA,NA,NA,NA,NA,NA,NA,NA,NA,NA,NA,NA,NA,NA,NA,NA,NA,NA,NA,NA,NA,NA,NA,NA,NA,NA
Racine,NA,NA,NA,NA,NA,NA,NA,NA,NA,NA,NA,NA,NA,NA,NA,NA,NA,NA,NA,NA,NA,NA,NA,NA,NA,NA,NA,NA,NA,NA,NA,NA,NA,NA,NA,NA,NA
Rock,NA,NA,NA,NA,NA,NA,NA,NA,NA,NA,NA,NA,NA,NA,NA,NA,NA,NA,NA,NA,NA,NA,NA,NA,NA,NA,NA,NA,NA,NA,NA,NA,NA,NA,NA,NA,NA
Sauk,NA,NA,NA,NA,NA,NA,NA,NA,NA,NA,NA,NA,NA,NA,NA,NA,NA,NA,NA,NA,NA,NA,NA,NA,NA,NA,NA,NA,NA,NA,NA,NA,NA,NA,NA,NA,NA
Sheboygan,NA,NA,NA,NA,NA,NA,NA,NA,NA,NA,NA,NA,NA,NA,NA,NA,NA,NA,NA,NA,NA,NA,NA,NA,NA,NA,NA,NA,NA,NA,NA,NA,NA,NA,NA,NA,NA
St Croix,NA,NA,NA,NA,NA,NA,NA,NA,NA,NA,NA,NA,NA,NA,NA,NA,NA,NA,NA,NA,NA,NA,NA,NA,NA,NA,NA,NA,NA,NA,NA,NA,NA,NA,NA,NA,NA
Walworth,NA,NA,NA,NA,NA,NA,NA,NA,NA,NA,NA,NA,NA,NA,NA,NA,NA,NA,NA,NA,NA,NA,NA,NA,NA,NA,NA,NA,NA,NA,NA,NA,NA,NA,NA,NA,NA
Washington,NA,NA,NA,NA,NA,NA,NA,NA,NA,NA,NA,NA,NA,NA,NA,NA,NA,NA,NA,NA,NA,NA,NA,NA,NA,NA,NA,NA,NA,NA,NA,NA,NA,NA,NA,NA,NA
Winnebago,NA,NA,NA,NA,NA,NA,NA,NA,NA,NA,NA,NA,NA,NA,NA,NA,NA,NA,NA,NA,NA,NA,NA,NA,NA,NA,NA,NA,NA,NA,NA,NA,NA,NA,NA,NA,NA
